25 13 2
13 25 2
2 25 13
26 14 1
14 26 1
1 26 14
27 13 3
13 27 3
3 27 13
28 26 25
26 28 25
25 28 26
29 14 2
14 29 2
2 29 14
30 29 28
29 30 28
28 30 29
31 29 28
29 31 28
28 31 29
32 31 30
31 32 30
30 32 31
33 32 27
32 33 27
27 33 32
34 32 27
32 34 27
27 34 32
35 34 33
34 35 33
33 35 34
36 15 1
15 36 1
1 36 15
37 36 35
36 37 35
35 37 36
38 36 35
36 38 35
35 38 36
39 38 37
38 39 37
37 39 38
40 13 4
13 40 4
4 40 13
41 29 27
29 41 27
27 41 29
42 28 27
28 42 27
27 42 28
43 29 28
29 43 28
28 43 29
44 43 42
43 44 42
42 44 43
45 44 41
44 45 41
41 45 44
46 14 3
14 46 3
3 46 14
47 46 45
46 47 45
45 47 46
48 46 45
46 48 45
45 48 46
49 48 47
48 49 47
47 49 48
50 49 40
49 50 40
40 50 49
51 49 40
49 51 40
40 51 49
52 51 50
51 52 50
50 52 51
53 36 35
36 53 35
35 53 36
54 15 2
15 54 2
2 54 15
55 54 53
54 55 53
53 55 54
56 54 53
54 56 53
53 56 54
57 56 55
56 57 55
55 57 56
58 57 52
57 58 52
52 58 57
59 57 52
57 59 52
52 59 57
60 59 58
59 60 58
58 60 59
61 16 1
16 61 1
1 61 16
62 61 60
61 62 60
60 62 61
63 61 60
61 63 60
60 63 61
64 63 62
63 64 62
62 64 63
65 13 5
13 65 5
5 65 13
66 46 40
46 66 40
40 66 46
67 45 40
45 67 40
40 67 45
68 46 45
46 68 45
45 68 46
69 68 67
68 69 67
67 69 68
70 69 66
69 70 66
66 70 69
71 14 4
14 71 4
4 71 14
72 71 70
71 72 70
70 72 71
73 71 70
71 73 70
70 73 71
74 73 72
73 74 72
72 74 73
75 74 65
74 75 65
65 75 74
76 74 65
74 76 65
65 76 74
77 76 75
76 77 75
75 77 76
78 54 52
54 78 52
52 78 54
79 53 52
53 79 52
52 79 53
80 54 53
54 80 53
53 80 54
81 80 79
80 81 79
79 81 80
82 81 78
81 82 78
78 82 81
83 15 3
15 83 3
3 83 15
84 83 82
83 84 82
82 84 83
85 83 82
83 85 82
82 85 83
86 85 84
85 86 84
84 86 85
87 86 77
86 87 77
77 87 86
88 86 77
86 88 77
77 88 86
89 88 87
88 89 87
87 89 88
90 61 60
61 90 60
60 90 61
91 16 2
16 91 2
2 91 16
92 91 90
91 92 90
90 92 91
93 91 90
91 93 90
90 93 91
94 93 92
93 94 92
92 94 93
95 94 89
94 95 89
89 95 94
96 94 89
94 96 89
89 96 94
97 96 95
96 97 95
95 97 96
98 17 1
17 98 1
1 98 17
99 98 97
98 99 97
97 99 98
100 98 97
98 100 97
97 100 98
101 100 99
100 101 99
99 101 100
102 13 6
13 102 6
6 102 13
103 71 65
71 103 65
65 103 71
104 70 65
70 104 65
65 104 70
105 71 70
71 105 70
70 105 71
106 105 104
105 106 104
104 106 105
107 106 103
106 107 103
103 107 106
108 14 5
14 108 5
5 108 14
109 108 107
108 109 107
107 109 108
110 108 107
108 110 107
107 110 108
111 110 109
110 111 109
109 111 110
112 111 102
111 112 102
102 112 111
113 111 102
111 113 102
102 113 111
114 113 112
113 114 112
112 114 113
115 83 77
83 115 77
77 115 83
116 82 77
82 116 77
77 116 82
117 83 82
83 117 82
82 117 83
118 117 116
117 118 116
116 118 117
119 118 115
118 119 115
115 119 118
120 15 4
15 120 4
4 120 15
121 120 119
120 121 119
119 121 120
122 120 119
120 122 119
119 122 120
123 122 121
122 123 121
121 123 122
124 123 114
123 124 114
114 124 123
125 123 114
123 125 114
114 125 123
126 125 124
125 126 124
124 126 125
127 91 89
91 127 89
89 127 91
128 90 89
90 128 89
89 128 90
129 91 90
91 129 90
90 129 91
130 129 128
129 130 128
128 130 129
131 130 127
130 131 127
127 131 130
132 16 3
16 132 3
3 132 16
133 132 131
132 133 131
131 133 132
134 132 131
132 134 131
131 134 132
135 134 133
134 135 133
133 135 134
136 135 126
135 136 126
126 136 135
137 135 126
135 137 126
126 137 135
138 137 136
137 138 136
136 138 137
139 98 97
98 139 97
97 139 98
140 17 2
17 140 2
2 140 17
141 140 139
140 141 139
139 141 140
142 140 139
140 142 139
139 142 140
143 142 141
142 143 141
141 143 142
144 143 138
143 144 138
138 144 143
145 143 138
143 145 138
138 145 143
146 145 144
145 146 144
144 146 145
147 18 1
18 147 1
1 147 18
148 147 146
147 148 146
146 148 147
149 147 146
147 149 146
146 149 147
150 149 148
149 150 148
148 150 149
151 13 7
13 151 7
7 151 13
152 108 102
108 152 102
102 152 108
153 107 102
107 153 102
102 153 107
154 108 107
108 154 107
107 154 108
155 154 153
154 155 153
153 155 154
156 155 152
155 156 152
152 156 155
157 14 6
14 157 6
6 157 14
158 157 156
157 158 156
156 158 157
159 157 156
157 159 156
156 159 157
160 159 158
159 160 158
158 160 159
161 160 151
160 161 151
151 161 160
162 160 151
160 162 151
151 162 160
163 162 161
162 163 161
161 163 162
164 120 114
120 164 114
114 164 120
165 119 114
119 165 114
114 165 119
166 120 119
120 166 119
119 166 120
167 166 165
166 167 165
165 167 166
168 167 164
167 168 164
164 168 167
169 15 5
15 169 5
5 169 15
170 169 168
169 170 168
168 170 169
171 169 168
169 171 168
168 171 169
172 171 170
171 172 170
170 172 171
173 172 163
172 173 163
163 173 172
174 172 163
172 174 163
163 174 172
175 174 173
174 175 173
173 175 174
176 132 126
132 176 126
126 176 132
177 131 126
131 177 126
126 177 131
178 132 131
132 178 131
131 178 132
179 178 177
178 179 177
177 179 178
180 179 176
179 180 176
176 180 179
181 16 4
16 181 4
4 181 16
182 181 180
181 182 180
180 182 181
183 181 180
181 183 180
180 183 181
184 183 182
183 184 182
182 184 183
185 184 175
184 185 175
175 185 184
186 184 175
184 186 175
175 186 184
187 186 185
186 187 185
185 187 186
188 140 138
140 188 138
138 188 140
189 139 138
139 189 138
138 189 139
190 140 139
140 190 139
139 190 140
191 190 189
190 191 189
189 191 190
192 191 188
191 192 188
188 192 191
193 17 3
17 193 3
3 193 17
194 193 192
193 194 192
192 194 193
195 193 192
193 195 192
192 195 193
196 195 194
195 196 194
194 196 195
197 196 187
196 197 187
187 197 196
198 196 187
196 198 187
187 198 196
199 198 197
198 199 197
197 199 198
200 147 146
147 200 146
146 200 147
201 18 2
18 201 2
2 201 18
202 201 200
201 202 200
200 202 201
203 201 200
201 203 200
200 203 201
204 203 202
203 204 202
202 204 203
205 204 199
204 205 199
199 205 204
206 204 199
204 206 199
199 206 204
207 206 205
206 207 205
205 207 206
208 19 1
19 208 1
1 208 19
209 208 207
208 209 207
207 209 208
210 208 207
208 210 207
207 210 208
211 210 209
210 211 209
209 211 210
212 13 8
13 212 8
8 212 13
213 157 151
157 213 151
151 213 157
214 156 151
156 214 151
151 214 156
215 157 156
157 215 156
156 215 157
216 215 214
215 216 214
214 216 215
217 216 213
216 217 213
213 217 216
218 14 7
14 218 7
7 218 14
219 218 217
218 219 217
217 219 218
220 218 217
218 220 217
217 220 218
221 220 219
220 221 219
219 221 220
222 221 212
221 222 212
212 222 221
223 221 212
221 223 212
212 223 221
224 223 222
223 224 222
222 224 223
225 169 163
169 225 163
163 225 169
226 168 163
168 226 163
163 226 168
227 169 168
169 227 168
168 227 169
228 227 226
227 228 226
226 228 227
229 228 225
228 229 225
225 229 228
230 15 6
15 230 6
6 230 15
231 230 229
230 231 229
229 231 230
232 230 229
230 232 229
229 232 230
233 232 231
232 233 231
231 233 232
234 233 224
233 234 224
224 234 233
235 233 224
233 235 224
224 235 233
236 235 234
235 236 234
234 236 235
237 181 175
181 237 175
175 237 181
238 180 175
180 238 175
175 238 180
239 181 180
181 239 180
180 239 181
240 239 238
239 240 238
238 240 239
241 240 237
240 241 237
237 241 240
242 16 5
16 242 5
5 242 16
243 242 241
242 243 241
241 243 242
244 242 241
242 244 241
241 244 242
245 244 243
244 245 243
243 245 244
246 245 236
245 246 236
236 246 245
247 245 236
245 247 236
236 247 245
248 247 246
247 248 246
246 248 247
249 193 187
193 249 187
187 249 193
250 192 187
192 250 187
187 250 192
251 193 192
193 251 192
192 251 193
252 251 250
251 252 250
250 252 251
253 252 249
252 253 249
249 253 252
254 17 4
17 254 4
4 254 17
255 254 253
254 255 253
253 255 254
256 254 253
254 256 253
253 256 254
257 256 255
256 257 255
255 257 256
258 257 248
257 258 248
248 258 257
259 257 248
257 259 248
248 259 257
260 259 258
259 260 258
258 260 259
261 201 199
201 261 199
199 261 201
262 200 199
200 262 199
199 262 200
263 201 200
201 263 200
200 263 201
264 263 262
263 264 262
262 264 263
265 264 261
264 265 261
261 265 264
266 18 3
18 266 3
3 266 18
267 266 265
266 267 265
265 267 266
268 266 265
266 268 265
265 268 266
269 268 267
268 269 267
267 269 268
270 269 260
269 270 260
260 270 269
271 269 260
269 271 260
260 271 269
272 271 270
271 272 270
270 272 271
273 208 207
208 273 207
207 273 208
274 19 2
19 274 2
2 274 19
275 274 273
274 275 273
273 275 274
276 274 273
274 276 273
273 276 274
277 276 275
276 277 275
275 277 276
278 277 272
277 278 272
272 278 277
279 277 272
277 279 272
272 279 277
280 279 278
279 280 278
278 280 279
281 20 1
20 281 1
1 281 20
282 281 280
281 282 280
280 282 281
283 281 280
281 283 280
280 283 281
284 283 282
283 284 282
282 284 283
285 13 9
13 285 9
9 285 13
286 218 212
218 286 212
212 286 218
287 217 212
217 287 212
212 287 217
288 218 217
218 288 217
217 288 218
289 288 287
288 289 287
287 289 288
290 289 286
289 290 286
286 290 289
291 14 8
14 291 8
8 291 14
292 291 290
291 292 290
290 292 291
293 291 290
291 293 290
290 293 291
294 293 292
293 294 292
292 294 293
295 294 285
294 295 285
285 295 294
296 294 285
294 296 285
285 296 294
297 296 295
296 297 295
295 297 296
298 230 224
230 298 224
224 298 230
299 229 224
229 299 224
224 299 229
300 230 229
230 300 229
229 300 230
301 300 299
300 301 299
299 301 300
302 301 298
301 302 298
298 302 301
303 15 7
15 303 7
7 303 15
304 303 302
303 304 302
302 304 303
305 303 302
303 305 302
302 305 303
306 305 304
305 306 304
304 306 305
307 306 297
306 307 297
297 307 306
308 306 297
306 308 297
297 308 306
309 308 307
308 309 307
307 309 308
310 242 236
242 310 236
236 310 242
311 241 236
241 311 236
236 311 241
312 242 241
242 312 241
241 312 242
313 312 311
312 313 311
311 313 312
314 313 310
313 314 310
310 314 313
315 16 6
16 315 6
6 315 16
316 315 314
315 316 314
314 316 315
317 315 314
315 317 314
314 317 315
318 317 316
317 318 316
316 318 317
319 318 309
318 319 309
309 319 318
320 318 309
318 320 309
309 320 318
321 320 319
320 321 319
319 321 320
322 254 248
254 322 248
248 322 254
323 253 248
253 323 248
248 323 253
324 254 253
254 324 253
253 324 254
325 324 323
324 325 323
323 325 324
326 325 322
325 326 322
322 326 325
327 17 5
17 327 5
5 327 17
328 327 326
327 328 326
326 328 327
329 327 326
327 329 326
326 329 327
330 329 328
329 330 328
328 330 329
331 330 321
330 331 321
321 331 330
332 330 321
330 332 321
321 332 330
333 332 331
332 333 331
331 333 332
334 266 260
266 334 260
260 334 266
335 265 260
265 335 260
260 335 265
336 266 265
266 336 265
265 336 266
337 336 335
336 337 335
335 337 336
338 337 334
337 338 334
334 338 337
339 18 4
18 339 4
4 339 18
340 339 338
339 340 338
338 340 339
341 339 338
339 341 338
338 341 339
342 341 340
341 342 340
340 342 341
343 342 333
342 343 333
333 343 342
344 342 333
342 344 333
333 344 342
345 344 343
344 345 343
343 345 344
346 274 272
274 346 272
272 346 274
347 273 272
273 347 272
272 347 273
348 274 273
274 348 273
273 348 274
349 348 347
348 349 347
347 349 348
350 349 346
349 350 346
346 350 349
351 19 3
19 351 3
3 351 19
352 351 350
351 352 350
350 352 351
353 351 350
351 353 350
350 353 351
354 353 352
353 354 352
352 354 353
355 354 345
354 355 345
345 355 354
356 354 345
354 356 345
345 356 354
357 356 355
356 357 355
355 357 356
358 281 280
281 358 280
280 358 281
359 20 2
20 359 2
2 359 20
360 359 358
359 360 358
358 360 359
361 359 358
359 361 358
358 361 359
362 361 360
361 362 360
360 362 361
363 362 357
362 363 357
357 363 362
364 362 357
362 364 357
357 364 362
365 364 363
364 365 363
363 365 364
366 21 1
21 366 1
1 366 21
367 366 365
366 367 365
365 367 366
368 366 365
366 368 365
365 368 366
369 368 367
368 369 367
367 369 368
370 13 10
13 370 10
10 370 13
371 291 285
291 371 285
285 371 291
372 290 285
290 372 285
285 372 290
373 291 290
291 373 290
290 373 291
374 373 372
373 374 372
372 374 373
375 374 371
374 375 371
371 375 374
376 14 9
14 376 9
9 376 14
377 376 375
376 377 375
375 377 376
378 376 375
376 378 375
375 378 376
379 378 377
378 379 377
377 379 378
380 379 370
379 380 370
370 380 379
381 379 370
379 381 370
370 381 379
382 381 380
381 382 380
380 382 381
383 303 297
303 383 297
297 383 303
384 302 297
302 384 297
297 384 302
385 303 302
303 385 302
302 385 303
386 385 384
385 386 384
384 386 385
387 386 383
386 387 383
383 387 386
388 15 8
15 388 8
8 388 15
389 388 387
388 389 387
387 389 388
390 388 387
388 390 387
387 390 388
391 390 389
390 391 389
389 391 390
392 391 382
391 392 382
382 392 391
393 391 382
391 393 382
382 393 391
394 393 392
393 394 392
392 394 393
395 315 309
315 395 309
309 395 315
396 314 309
314 396 309
309 396 314
397 315 314
315 397 314
314 397 315
398 397 396
397 398 396
396 398 397
399 398 395
398 399 395
395 399 398
400 16 7
16 400 7
7 400 16
401 400 399
400 401 399
399 401 400
402 400 399
400 402 399
399 402 400
403 402 401
402 403 401
401 403 402
404 403 394
403 404 394
394 404 403
405 403 394
403 405 394
394 405 403
406 405 404
405 406 404
404 406 405
407 327 321
327 407 321
321 407 327
408 326 321
326 408 321
321 408 326
409 327 326
327 409 326
326 409 327
410 409 408
409 410 408
408 410 409
411 410 407
410 411 407
407 411 410
412 17 6
17 412 6
6 412 17
413 412 411
412 413 411
411 413 412
414 412 411
412 414 411
411 414 412
415 414 413
414 415 413
413 415 414
416 415 406
415 416 406
406 416 415
417 415 406
415 417 406
406 417 415
418 417 416
417 418 416
416 418 417
419 339 333
339 419 333
333 419 339
420 338 333
338 420 333
333 420 338
421 339 338
339 421 338
338 421 339
422 421 420
421 422 420
420 422 421
423 422 419
422 423 419
419 423 422
424 18 5
18 424 5
5 424 18
425 424 423
424 425 423
423 425 424
426 424 423
424 426 423
423 426 424
427 426 425
426 427 425
425 427 426
428 427 418
427 428 418
418 428 427
429 427 418
427 429 418
418 429 427
430 429 428
429 430 428
428 430 429
431 351 345
351 431 345
345 431 351
432 350 345
350 432 345
345 432 350
433 351 350
351 433 350
350 433 351
434 433 432
433 434 432
432 434 433
435 434 431
434 435 431
431 435 434
436 19 4
19 436 4
4 436 19
437 436 435
436 437 435
435 437 436
438 436 435
436 438 435
435 438 436
439 438 437
438 439 437
437 439 438
440 439 430
439 440 430
430 440 439
441 439 430
439 441 430
430 441 439
442 441 440
441 442 440
440 442 441
443 359 357
359 443 357
357 443 359
444 358 357
358 444 357
357 444 358
445 359 358
359 445 358
358 445 359
446 445 444
445 446 444
444 446 445
447 446 443
446 447 443
443 447 446
448 20 3
20 448 3
3 448 20
449 448 447
448 449 447
447 449 448
450 448 447
448 450 447
447 450 448
451 450 449
450 451 449
449 451 450
452 451 442
451 452 442
442 452 451
453 451 442
451 453 442
442 453 451
454 453 452
453 454 452
452 454 453
455 366 365
366 455 365
365 455 366
456 21 2
21 456 2
2 456 21
457 456 455
456 457 455
455 457 456
458 456 455
456 458 455
455 458 456
459 458 457
458 459 457
457 459 458
460 459 454
459 460 454
454 460 459
461 459 454
459 461 454
454 461 459
462 461 460
461 462 460
460 462 461
463 22 1
22 463 1
1 463 22
464 463 462
463 464 462
462 464 463
465 463 462
463 465 462
462 465 463
466 465 464
465 466 464
464 466 465
467 13 11
13 467 11
11 467 13
468 376 370
376 468 370
370 468 376
469 375 370
375 469 370
370 469 375
470 376 375
376 470 375
375 470 376
471 470 469
470 471 469
469 471 470
472 471 468
471 472 468
468 472 471
473 14 10
14 473 10
10 473 14
474 473 472
473 474 472
472 474 473
475 473 472
473 475 472
472 475 473
476 475 474
475 476 474
474 476 475
477 476 467
476 477 467
467 477 476
478 476 467
476 478 467
467 478 476
479 478 477
478 479 477
477 479 478
480 388 382
388 480 382
382 480 388
481 387 382
387 481 382
382 481 387
482 388 387
388 482 387
387 482 388
483 482 481
482 483 481
481 483 482
484 483 480
483 484 480
480 484 483
485 15 9
15 485 9
9 485 15
486 485 484
485 486 484
484 486 485
487 485 484
485 487 484
484 487 485
488 487 486
487 488 486
486 488 487
489 488 479
488 489 479
479 489 488
490 488 479
488 490 479
479 490 488
491 490 489
490 491 489
489 491 490
492 400 394
400 492 394
394 492 400
493 399 394
399 493 394
394 493 399
494 400 399
400 494 399
399 494 400
495 494 493
494 495 493
493 495 494
496 495 492
495 496 492
492 496 495
497 16 8
16 497 8
8 497 16
498 497 496
497 498 496
496 498 497
499 497 496
497 499 496
496 499 497
500 499 498
499 500 498
498 500 499
501 500 491
500 501 491
491 501 500
502 500 491
500 502 491
491 502 500
503 502 501
502 503 501
501 503 502
504 412 406
412 504 406
406 504 412
505 411 406
411 505 406
406 505 411
506 412 411
412 506 411
411 506 412
507 506 505
506 507 505
505 507 506
508 507 504
507 508 504
504 508 507
509 17 7
17 509 7
7 509 17
510 509 508
509 510 508
508 510 509
511 509 508
509 511 508
508 511 509
512 511 510
511 512 510
510 512 511
513 512 503
512 513 503
503 513 512
514 512 503
512 514 503
503 514 512
515 514 513
514 515 513
513 515 514
516 424 418
424 516 418
418 516 424
517 423 418
423 517 418
418 517 423
518 424 423
424 518 423
423 518 424
519 518 517
518 519 517
517 519 518
520 519 516
519 520 516
516 520 519
521 18 6
18 521 6
6 521 18
522 521 520
521 522 520
520 522 521
523 521 520
521 523 520
520 523 521
524 523 522
523 524 522
522 524 523
525 524 515
524 525 515
515 525 524
526 524 515
524 526 515
515 526 524
527 526 525
526 527 525
525 527 526
528 436 430
436 528 430
430 528 436
529 435 430
435 529 430
430 529 435
530 436 435
436 530 435
435 530 436
531 530 529
530 531 529
529 531 530
532 531 528
531 532 528
528 532 531
533 19 5
19 533 5
5 533 19
534 533 532
533 534 532
532 534 533
535 533 532
533 535 532
532 535 533
536 535 534
535 536 534
534 536 535
537 536 527
536 537 527
527 537 536
538 536 527
536 538 527
527 538 536
539 538 537
538 539 537
537 539 538
540 448 442
448 540 442
442 540 448
541 447 442
447 541 442
442 541 447
542 448 447
448 542 447
447 542 448
543 542 541
542 543 541
541 543 542
544 543 540
543 544 540
540 544 543
545 20 4
20 545 4
4 545 20
546 545 544
545 546 544
544 546 545
547 545 544
545 547 544
544 547 545
548 547 546
547 548 546
546 548 547
549 548 539
548 549 539
539 549 548
550 548 539
548 550 539
539 550 548
551 550 549
550 551 549
549 551 550
552 456 454
456 552 454
454 552 456
553 455 454
455 553 454
454 553 455
554 456 455
456 554 455
455 554 456
555 554 553
554 555 553
553 555 554
556 555 552
555 556 552
552 556 555
557 21 3
21 557 3
3 557 21
558 557 556
557 558 556
556 558 557
559 557 556
557 559 556
556 559 557
560 559 558
559 560 558
558 560 559
561 560 551
560 561 551
551 561 560
562 560 551
560 562 551
551 562 560
563 562 561
562 563 561
561 563 562
564 463 462
463 564 462
462 564 463
565 22 2
22 565 2
2 565 22
566 565 564
565 566 564
564 566 565
567 565 564
565 567 564
564 567 565
568 567 566
567 568 566
566 568 567
569 568 563
568 569 563
563 569 568
570 568 563
568 570 563
563 570 568
571 570 569
570 571 569
569 571 570
572 23 1
23 572 1
1 572 23
573 572 571
572 573 571
571 573 572
574 572 571
572 574 571
571 574 572
575 574 573
574 575 573
573 575 574
576 13 12
13 576 12
12 576 13
577 473 467
473 577 467
467 577 473
578 472 467
472 578 467
467 578 472
579 473 472
473 579 472
472 579 473
580 579 578
579 580 578
578 580 579
581 580 577
580 581 577
577 581 580
582 14 11
14 582 11
11 582 14
583 582 581
582 583 581
581 583 582
584 582 581
582 584 581
581 584 582
585 584 583
584 585 583
583 585 584
586 585 576
585 586 576
576 586 585
587 585 576
585 587 576
576 587 585
588 587 586
587 588 586
586 588 587
589 485 479
485 589 479
479 589 485
590 484 479
484 590 479
479 590 484
591 485 484
485 591 484
484 591 485
592 591 590
591 592 590
590 592 591
593 592 589
592 593 589
589 593 592
594 15 10
15 594 10
10 594 15
595 594 593
594 595 593
593 595 594
596 594 593
594 596 593
593 596 594
597 596 595
596 597 595
595 597 596
598 597 588
597 598 588
588 598 597
599 597 588
597 599 588
588 599 597
600 599 598
599 600 598
598 600 599
601 497 491
497 601 491
491 601 497
602 496 491
496 602 491
491 602 496
603 497 496
497 603 496
496 603 497
604 603 602
603 604 602
602 604 603
605 604 601
604 605 601
601 605 604
606 16 9
16 606 9
9 606 16
607 606 605
606 607 605
605 607 606
608 606 605
606 608 605
605 608 606
609 608 607
608 609 607
607 609 608
610 609 600
609 610 600
600 610 609
611 609 600
609 611 600
600 611 609
612 611 610
611 612 610
610 612 611
613 509 503
509 613 503
503 613 509
614 508 503
508 614 503
503 614 508
615 509 508
509 615 508
508 615 509
616 615 614
615 616 614
614 616 615
617 616 613
616 617 613
613 617 616
618 17 8
17 618 8
8 618 17
619 618 617
618 619 617
617 619 618
620 618 617
618 620 617
617 620 618
621 620 619
620 621 619
619 621 620
622 621 612
621 622 612
612 622 621
623 621 612
621 623 612
612 623 621
624 623 622
623 624 622
622 624 623
625 521 515
521 625 515
515 625 521
626 520 515
520 626 515
515 626 520
627 521 520
521 627 520
520 627 521
628 627 626
627 628 626
626 628 627
629 628 625
628 629 625
625 629 628
630 18 7
18 630 7
7 630 18
631 630 629
630 631 629
629 631 630
632 630 629
630 632 629
629 632 630
633 632 631
632 633 631
631 633 632
634 633 624
633 634 624
624 634 633
635 633 624
633 635 624
624 635 633
636 635 634
635 636 634
634 636 635
637 533 527
533 637 527
527 637 533
638 532 527
532 638 527
527 638 532
639 533 532
533 639 532
532 639 533
640 639 638
639 640 638
638 640 639
641 640 637
640 641 637
637 641 640
642 19 6
19 642 6
6 642 19
643 642 641
642 643 641
641 643 642
644 642 641
642 644 641
641 644 642
645 644 643
644 645 643
643 645 644
646 645 636
645 646 636
636 646 645
647 645 636
645 647 636
636 647 645
648 647 646
647 648 646
646 648 647
649 545 539
545 649 539
539 649 545
650 544 539
544 650 539
539 650 544
651 545 544
545 651 544
544 651 545
652 651 650
651 652 650
650 652 651
653 652 649
652 653 649
649 653 652
654 20 5
20 654 5
5 654 20
655 654 653
654 655 653
653 655 654
656 654 653
654 656 653
653 656 654
657 656 655
656 657 655
655 657 656
658 657 648
657 658 648
648 658 657
659 657 648
657 659 648
648 659 657
660 659 658
659 660 658
658 660 659
661 557 551
557 661 551
551 661 557
662 556 551
556 662 551
551 662 556
663 557 556
557 663 556
556 663 557
664 663 662
663 664 662
662 664 663
665 664 661
664 665 661
661 665 664
666 21 4
21 666 4
4 666 21
667 666 665
666 667 665
665 667 666
668 666 665
666 668 665
665 668 666
669 668 667
668 669 667
667 669 668
670 669 660
669 670 660
660 670 669
671 669 660
669 671 660
660 671 669
672 671 670
671 672 670
670 672 671
673 565 563
565 673 563
563 673 565
674 564 563
564 674 563
563 674 564
675 565 564
565 675 564
564 675 565
676 675 674
675 676 674
674 676 675
677 676 673
676 677 673
673 677 676
678 22 3
22 678 3
3 678 22
679 678 677
678 679 677
677 679 678
680 678 677
678 680 677
677 680 678
681 680 679
680 681 679
679 681 680
682 681 672
681 682 672
672 682 681
683 681 672
681 683 672
672 683 681
684 683 682
683 684 682
682 684 683
685 572 571
572 685 571
571 685 572
686 23 2
23 686 2
2 686 23
687 686 685
686 687 685
685 687 686
688 686 685
686 688 685
685 688 686
689 688 687
688 689 687
687 689 688
690 689 684
689 690 684
684 690 689
691 689 684
689 691 684
684 691 689
692 691 690
691 692 690
690 692 691
693 24 1
24 693 1
1 693 24
694 693 692
693 694 692
692 694 693
695 693 692
693 695 692
692 695 693
696 695 694
695 696 694
694 696 695
697 582 576
582 697 576
576 697 582
698 581 576
581 698 576
576 698 581
699 582 581
582 699 581
581 699 582
700 699 698
699 700 698
698 700 699
701 700 697
700 701 697
697 701 700
702 14 12
14 702 12
12 702 14
703 702 701
702 703 701
701 703 702
704 702 701
702 704 701
701 704 702
705 704 703
704 705 703
703 705 704
706 594 588
594 706 588
588 706 594
707 593 588
593 707 588
588 707 593
708 594 593
594 708 593
593 708 594
709 708 707
708 709 707
707 709 708
710 709 706
709 710 706
706 710 709
711 15 11
15 711 11
11 711 15
712 711 710
711 712 710
710 712 711
713 711 710
711 713 710
710 713 711
714 713 712
713 714 712
712 714 713
715 714 705
714 715 705
705 715 714
716 714 705
714 716 705
705 716 714
717 716 715
716 717 715
715 717 716
718 606 600
606 718 600
600 718 606
719 605 600
605 719 600
600 719 605
720 606 605
606 720 605
605 720 606
721 720 719
720 721 719
719 721 720
722 721 718
721 722 718
718 722 721
723 16 10
16 723 10
10 723 16
724 723 722
723 724 722
722 724 723
725 723 722
723 725 722
722 725 723
726 725 724
725 726 724
724 726 725
727 726 717
726 727 717
717 727 726
728 726 717
726 728 717
717 728 726
729 728 727
728 729 727
727 729 728
730 618 612
618 730 612
612 730 618
731 617 612
617 731 612
612 731 617
732 618 617
618 732 617
617 732 618
733 732 731
732 733 731
731 733 732
734 733 730
733 734 730
730 734 733
735 17 9
17 735 9
9 735 17
736 735 734
735 736 734
734 736 735
737 735 734
735 737 734
734 737 735
738 737 736
737 738 736
736 738 737
739 738 729
738 739 729
729 739 738
740 738 729
738 740 729
729 740 738
741 740 739
740 741 739
739 741 740
742 630 624
630 742 624
624 742 630
743 629 624
629 743 624
624 743 629
744 630 629
630 744 629
629 744 630
745 744 743
744 745 743
743 745 744
746 745 742
745 746 742
742 746 745
747 18 8
18 747 8
8 747 18
748 747 746
747 748 746
746 748 747
749 747 746
747 749 746
746 749 747
750 749 748
749 750 748
748 750 749
751 750 741
750 751 741
741 751 750
752 750 741
750 752 741
741 752 750
753 752 751
752 753 751
751 753 752
754 642 636
642 754 636
636 754 642
755 641 636
641 755 636
636 755 641
756 642 641
642 756 641
641 756 642
757 756 755
756 757 755
755 757 756
758 757 754
757 758 754
754 758 757
759 19 7
19 759 7
7 759 19
760 759 758
759 760 758
758 760 759
761 759 758
759 761 758
758 761 759
762 761 760
761 762 760
760 762 761
763 762 753
762 763 753
753 763 762
764 762 753
762 764 753
753 764 762
765 764 763
764 765 763
763 765 764
766 654 648
654 766 648
648 766 654
767 653 648
653 767 648
648 767 653
768 654 653
654 768 653
653 768 654
769 768 767
768 769 767
767 769 768
770 769 766
769 770 766
766 770 769
771 20 6
20 771 6
6 771 20
772 771 770
771 772 770
770 772 771
773 771 770
771 773 770
770 773 771
774 773 772
773 774 772
772 774 773
775 774 765
774 775 765
765 775 774
776 774 765
774 776 765
765 776 774
777 776 775
776 777 775
775 777 776
778 666 660
666 778 660
660 778 666
779 665 660
665 779 660
660 779 665
780 666 665
666 780 665
665 780 666
781 780 779
780 781 779
779 781 780
782 781 778
781 782 778
778 782 781
783 21 5
21 783 5
5 783 21
784 783 782
783 784 782
782 784 783
785 783 782
783 785 782
782 785 783
786 785 784
785 786 784
784 786 785
787 786 777
786 787 777
777 787 786
788 786 777
786 788 777
777 788 786
789 788 787
788 789 787
787 789 788
790 678 672
678 790 672
672 790 678
791 677 672
677 791 672
672 791 677
792 678 677
678 792 677
677 792 678
793 792 791
792 793 791
791 793 792
794 793 790
793 794 790
790 794 793
795 22 4
22 795 4
4 795 22
796 795 794
795 796 794
794 796 795
797 795 794
795 797 794
794 797 795
798 797 796
797 798 796
796 798 797
799 798 789
798 799 789
789 799 798
800 798 789
798 800 789
789 800 798
801 800 799
800 801 799
799 801 800
802 686 684
686 802 684
684 802 686
803 685 684
685 803 684
684 803 685
804 686 685
686 804 685
685 804 686
805 804 803
804 805 803
803 805 804
806 805 802
805 806 802
802 806 805
807 23 3
23 807 3
3 807 23
808 807 806
807 808 806
806 808 807
809 807 806
807 809 806
806 809 807
810 809 808
809 810 808
808 810 809
811 810 801
810 811 801
801 811 810
812 810 801
810 812 801
801 812 810
813 812 811
812 813 811
811 813 812
814 693 692
693 814 692
692 814 693
815 24 2
24 815 2
2 815 24
816 815 814
815 816 814
814 816 815
817 815 814
815 817 814
814 817 815
818 817 816
817 818 816
816 818 817
819 818 813
818 819 813
813 819 818
820 818 813
818 820 813
813 820 818
821 820 819
820 821 819
819 821 820
822 702 701
702 822 701
701 822 702
823 711 705
711 823 705
705 823 711
824 710 705
710 824 705
705 824 710
825 711 710
711 825 710
710 825 711
826 825 824
825 826 824
824 826 825
827 826 823
826 827 823
823 827 826
828 15 12
15 828 12
12 828 15
829 828 827
828 829 827
827 829 828
830 828 827
828 830 827
827 830 828
831 830 829
830 831 829
829 831 830
832 831 822
831 832 822
822 832 831
833 831 822
831 833 822
822 833 831
834 833 832
833 834 832
832 834 833
835 723 717
723 835 717
717 835 723
836 722 717
722 836 717
717 836 722
837 723 722
723 837 722
722 837 723
838 837 836
837 838 836
836 838 837
839 838 835
838 839 835
835 839 838
840 16 11
16 840 11
11 840 16
841 840 839
840 841 839
839 841 840
842 840 839
840 842 839
839 842 840
843 842 841
842 843 841
841 843 842
844 843 834
843 844 834
834 844 843
845 843 834
843 845 834
834 845 843
846 845 844
845 846 844
844 846 845
847 735 729
735 847 729
729 847 735
848 734 729
734 848 729
729 848 734
849 735 734
735 849 734
734 849 735
850 849 848
849 850 848
848 850 849
851 850 847
850 851 847
847 851 850
852 17 10
17 852 10
10 852 17
853 852 851
852 853 851
851 853 852
854 852 851
852 854 851
851 854 852
855 854 853
854 855 853
853 855 854
856 855 846
855 856 846
846 856 855
857 855 846
855 857 846
846 857 855
858 857 856
857 858 856
856 858 857
859 747 741
747 859 741
741 859 747
860 746 741
746 860 741
741 860 746
861 747 746
747 861 746
746 861 747
862 861 860
861 862 860
860 862 861
863 862 859
862 863 859
859 863 862
864 18 9
18 864 9
9 864 18
865 864 863
864 865 863
863 865 864
866 864 863
864 866 863
863 866 864
867 866 865
866 867 865
865 867 866
868 867 858
867 868 858
858 868 867
869 867 858
867 869 858
858 869 867
870 869 868
869 870 868
868 870 869
871 759 753
759 871 753
753 871 759
872 758 753
758 872 753
753 872 758
873 759 758
759 873 758
758 873 759
874 873 872
873 874 872
872 874 873
875 874 871
874 875 871
871 875 874
876 19 8
19 876 8
8 876 19
877 876 875
876 877 875
875 877 876
878 876 875
876 878 875
875 878 876
879 878 877
878 879 877
877 879 878
880 879 870
879 880 870
870 880 879
881 879 870
879 881 870
870 881 879
882 881 880
881 882 880
880 882 881
883 771 765
771 883 765
765 883 771
884 770 765
770 884 765
765 884 770
885 771 770
771 885 770
770 885 771
886 885 884
885 886 884
884 886 885
887 886 883
886 887 883
883 887 886
888 20 7
20 888 7
7 888 20
889 888 887
888 889 887
887 889 888
890 888 887
888 890 887
887 890 888
891 890 889
890 891 889
889 891 890
892 891 882
891 892 882
882 892 891
893 891 882
891 893 882
882 893 891
894 893 892
893 894 892
892 894 893
895 783 777
783 895 777
777 895 783
896 782 777
782 896 777
777 896 782
897 783 782
783 897 782
782 897 783
898 897 896
897 898 896
896 898 897
899 898 895
898 899 895
895 899 898
900 21 6
21 900 6
6 900 21
901 900 899
900 901 899
899 901 900
902 900 899
900 902 899
899 902 900
903 902 901
902 903 901
901 903 902
904 903 894
903 904 894
894 904 903
905 903 894
903 905 894
894 905 903
906 905 904
905 906 904
904 906 905
907 795 789
795 907 789
789 907 795
908 794 789
794 908 789
789 908 794
909 795 794
795 909 794
794 909 795
910 909 908
909 910 908
908 910 909
911 910 907
910 911 907
907 911 910
912 22 5
22 912 5
5 912 22
913 912 911
912 913 911
911 913 912
914 912 911
912 914 911
911 914 912
915 914 913
914 915 913
913 915 914
916 915 906
915 916 906
906 916 915
917 915 906
915 917 906
906 917 915
918 917 916
917 918 916
916 918 917
919 807 801
807 919 801
801 919 807
920 806 801
806 920 801
801 920 806
921 807 806
807 921 806
806 921 807
922 921 920
921 922 920
920 922 921
923 922 919
922 923 919
919 923 922
924 23 4
23 924 4
4 924 23
925 924 923
924 925 923
923 925 924
926 924 923
924 926 923
923 926 924
927 926 925
926 927 925
925 927 926
928 927 918
927 928 918
918 928 927
929 927 918
927 929 918
918 929 927
930 929 928
929 930 928
928 930 929
931 815 813
815 931 813
813 931 815
932 814 813
814 932 813
813 932 814
933 815 814
815 933 814
814 933 815
934 933 932
933 934 932
932 934 933
935 934 931
934 935 931
931 935 934
936 24 3
24 936 3
3 936 24
937 936 935
936 937 935
935 937 936
938 936 935
936 938 935
935 938 936
939 938 937
938 939 937
937 939 938
940 939 930
939 940 930
930 940 939
941 939 930
939 941 930
930 941 939
942 941 940
941 942 940
940 942 941
943 828 822
828 943 822
822 943 828
944 827 822
827 944 822
822 944 827
945 828 827
828 945 827
827 945 828
946 945 944
945 946 944
944 946 945
947 946 943
946 947 943
943 947 946
948 840 834
840 948 834
834 948 840
949 839 834
839 949 834
834 949 839
950 840 839
840 950 839
839 950 840
951 950 949
950 951 949
949 951 950
952 951 948
951 952 948
948 952 951
953 16 12
16 953 12
12 953 16
954 953 952
953 954 952
952 954 953
955 953 952
953 955 952
952 955 953
956 955 954
955 956 954
954 956 955
957 956 947
956 957 947
947 957 956
958 956 947
956 958 947
947 958 956
959 958 957
958 959 957
957 959 958
960 852 846
852 960 846
846 960 852
961 851 846
851 961 846
846 961 851
962 852 851
852 962 851
851 962 852
963 962 961
962 963 961
961 963 962
964 963 960
963 964 960
960 964 963
965 17 11
17 965 11
11 965 17
966 965 964
965 966 964
964 966 965
967 965 964
965 967 964
964 967 965
968 967 966
967 968 966
966 968 967
969 968 959
968 969 959
959 969 968
970 968 959
968 970 959
959 970 968
971 970 969
970 971 969
969 971 970
972 864 858
864 972 858
858 972 864
973 863 858
863 973 858
858 973 863
974 864 863
864 974 863
863 974 864
975 974 973
974 975 973
973 975 974
976 975 972
975 976 972
972 976 975
977 18 10
18 977 10
10 977 18
978 977 976
977 978 976
976 978 977
979 977 976
977 979 976
976 979 977
980 979 978
979 980 978
978 980 979
981 980 971
980 981 971
971 981 980
982 980 971
980 982 971
971 982 980
983 982 981
982 983 981
981 983 982
984 876 870
876 984 870
870 984 876
985 875 870
875 985 870
870 985 875
986 876 875
876 986 875
875 986 876
987 986 985
986 987 985
985 987 986
988 987 984
987 988 984
984 988 987
989 19 9
19 989 9
9 989 19
990 989 988
989 990 988
988 990 989
991 989 988
989 991 988
988 991 989
992 991 990
991 992 990
990 992 991
993 992 983
992 993 983
983 993 992
994 992 983
992 994 983
983 994 992
995 994 993
994 995 993
993 995 994
996 888 882
888 996 882
882 996 888
997 887 882
887 997 882
882 997 887
998 888 887
888 998 887
887 998 888
999 998 997
998 999 997
997 999 998
1000 999 996
999 1000 996
996 1000 999
1001 20 8
20 1001 8
8 1001 20
1002 1001 1000
1001 1002 1000
1000 1002 1001
1003 1001 1000
1001 1003 1000
1000 1003 1001
1004 1003 1002
1003 1004 1002
1002 1004 1003
1005 1004 995
1004 1005 995
995 1005 1004
1006 1004 995
1004 1006 995
995 1006 1004
1007 1006 1005
1006 1007 1005
1005 1007 1006
1008 900 894
900 1008 894
894 1008 900
1009 899 894
899 1009 894
894 1009 899
1010 900 899
900 1010 899
899 1010 900
1011 1010 1009
1010 1011 1009
1009 1011 1010
1012 1011 1008
1011 1012 1008
1008 1012 1011
1013 21 7
21 1013 7
7 1013 21
1014 1013 1012
1013 1014 1012
1012 1014 1013
1015 1013 1012
1013 1015 1012
1012 1015 1013
1016 1015 1014
1015 1016 1014
1014 1016 1015
1017 1016 1007
1016 1017 1007
1007 1017 1016
1018 1016 1007
1016 1018 1007
1007 1018 1016
1019 1018 1017
1018 1019 1017
1017 1019 1018
1020 912 906
912 1020 906
906 1020 912
1021 911 906
911 1021 906
906 1021 911
1022 912 911
912 1022 911
911 1022 912
1023 1022 1021
1022 1023 1021
1021 1023 1022
1024 1023 1020
1023 1024 1020
1020 1024 1023
1025 22 6
22 1025 6
6 1025 22
1026 1025 1024
1025 1026 1024
1024 1026 1025
1027 1025 1024
1025 1027 1024
1024 1027 1025
1028 1027 1026
1027 1028 1026
1026 1028 1027
1029 1028 1019
1028 1029 1019
1019 1029 1028
1030 1028 1019
1028 1030 1019
1019 1030 1028
1031 1030 1029
1030 1031 1029
1029 1031 1030
1032 924 918
924 1032 918
918 1032 924
1033 923 918
923 1033 918
918 1033 923
1034 924 923
924 1034 923
923 1034 924
1035 1034 1033
1034 1035 1033
1033 1035 1034
1036 1035 1032
1035 1036 1032
1032 1036 1035
1037 23 5
23 1037 5
5 1037 23
1038 1037 1036
1037 1038 1036
1036 1038 1037
1039 1037 1036
1037 1039 1036
1036 1039 1037
1040 1039 1038
1039 1040 1038
1038 1040 1039
1041 1040 1031
1040 1041 1031
1031 1041 1040
1042 1040 1031
1040 1042 1031
1031 1042 1040
1043 1042 1041
1042 1043 1041
1041 1043 1042
1044 936 930
936 1044 930
930 1044 936
1045 935 930
935 1045 930
930 1045 935
1046 936 935
936 1046 935
935 1046 936
1047 1046 1045
1046 1047 1045
1045 1047 1046
1048 1047 1044
1047 1048 1044
1044 1048 1047
1049 24 4
24 1049 4
4 1049 24
1050 1049 1048
1049 1050 1048
1048 1050 1049
1051 1049 1048
1049 1051 1048
1048 1051 1049
1052 1051 1050
1051 1052 1050
1050 1052 1051
1053 1052 1043
1052 1053 1043
1043 1053 1052
1054 1052 1043
1052 1054 1043
1043 1054 1052
1055 1054 1053
1054 1055 1053
1053 1055 1054
1056 953 947
953 1056 947
947 1056 953
1057 952 947
952 1057 947
947 1057 952
1058 953 952
953 1058 952
952 1058 953
1059 1058 1057
1058 1059 1057
1057 1059 1058
1060 1059 1056
1059 1060 1056
1056 1060 1059
1061 965 959
965 1061 959
959 1061 965
1062 964 959
964 1062 959
959 1062 964
1063 965 964
965 1063 964
964 1063 965
1064 1063 1062
1063 1064 1062
1062 1064 1063
1065 1064 1061
1064 1065 1061
1061 1065 1064
1066 17 12
17 1066 12
12 1066 17
1067 1066 1065
1066 1067 1065
1065 1067 1066
1068 1066 1065
1066 1068 1065
1065 1068 1066
1069 1068 1067
1068 1069 1067
1067 1069 1068
1070 1069 1060
1069 1070 1060
1060 1070 1069
1071 1069 1060
1069 1071 1060
1060 1071 1069
1072 1071 1070
1071 1072 1070
1070 1072 1071
1073 977 971
977 1073 971
971 1073 977
1074 976 971
976 1074 971
971 1074 976
1075 977 976
977 1075 976
976 1075 977
1076 1075 1074
1075 1076 1074
1074 1076 1075
1077 1076 1073
1076 1077 1073
1073 1077 1076
1078 18 11
18 1078 11
11 1078 18
1079 1078 1077
1078 1079 1077
1077 1079 1078
1080 1078 1077
1078 1080 1077
1077 1080 1078
1081 1080 1079
1080 1081 1079
1079 1081 1080
1082 1081 1072
1081 1082 1072
1072 1082 1081
1083 1081 1072
1081 1083 1072
1072 1083 1081
1084 1083 1082
1083 1084 1082
1082 1084 1083
1085 989 983
989 1085 983
983 1085 989
1086 988 983
988 1086 983
983 1086 988
1087 989 988
989 1087 988
988 1087 989
1088 1087 1086
1087 1088 1086
1086 1088 1087
1089 1088 1085
1088 1089 1085
1085 1089 1088
1090 19 10
19 1090 10
10 1090 19
1091 1090 1089
1090 1091 1089
1089 1091 1090
1092 1090 1089
1090 1092 1089
1089 1092 1090
1093 1092 1091
1092 1093 1091
1091 1093 1092
1094 1093 1084
1093 1094 1084
1084 1094 1093
1095 1093 1084
1093 1095 1084
1084 1095 1093
1096 1095 1094
1095 1096 1094
1094 1096 1095
1097 1001 995
1001 1097 995
995 1097 1001
1098 1000 995
1000 1098 995
995 1098 1000
1099 1001 1000
1001 1099 1000
1000 1099 1001
1100 1099 1098
1099 1100 1098
1098 1100 1099
1101 1100 1097
1100 1101 1097
1097 1101 1100
1102 20 9
20 1102 9
9 1102 20
1103 1102 1101
1102 1103 1101
1101 1103 1102
1104 1102 1101
1102 1104 1101
1101 1104 1102
1105 1104 1103
1104 1105 1103
1103 1105 1104
1106 1105 1096
1105 1106 1096
1096 1106 1105
1107 1105 1096
1105 1107 1096
1096 1107 1105
1108 1107 1106
1107 1108 1106
1106 1108 1107
1109 1013 1007
1013 1109 1007
1007 1109 1013
1110 1012 1007
1012 1110 1007
1007 1110 1012
1111 1013 1012
1013 1111 1012
1012 1111 1013
1112 1111 1110
1111 1112 1110
1110 1112 1111
1113 1112 1109
1112 1113 1109
1109 1113 1112
1114 21 8
21 1114 8
8 1114 21
1115 1114 1113
1114 1115 1113
1113 1115 1114
1116 1114 1113
1114 1116 1113
1113 1116 1114
1117 1116 1115
1116 1117 1115
1115 1117 1116
1118 1117 1108
1117 1118 1108
1108 1118 1117
1119 1117 1108
1117 1119 1108
1108 1119 1117
1120 1119 1118
1119 1120 1118
1118 1120 1119
1121 1025 1019
1025 1121 1019
1019 1121 1025
1122 1024 1019
1024 1122 1019
1019 1122 1024
1123 1025 1024
1025 1123 1024
1024 1123 1025
1124 1123 1122
1123 1124 1122
1122 1124 1123
1125 1124 1121
1124 1125 1121
1121 1125 1124
1126 22 7
22 1126 7
7 1126 22
1127 1126 1125
1126 1127 1125
1125 1127 1126
1128 1126 1125
1126 1128 1125
1125 1128 1126
1129 1128 1127
1128 1129 1127
1127 1129 1128
1130 1129 1120
1129 1130 1120
1120 1130 1129
1131 1129 1120
1129 1131 1120
1120 1131 1129
1132 1131 1130
1131 1132 1130
1130 1132 1131
1133 1037 1031
1037 1133 1031
1031 1133 1037
1134 1036 1031
1036 1134 1031
1031 1134 1036
1135 1037 1036
1037 1135 1036
1036 1135 1037
1136 1135 1134
1135 1136 1134
1134 1136 1135
1137 1136 1133
1136 1137 1133
1133 1137 1136
1138 23 6
23 1138 6
6 1138 23
1139 1138 1137
1138 1139 1137
1137 1139 1138
1140 1138 1137
1138 1140 1137
1137 1140 1138
1141 1140 1139
1140 1141 1139
1139 1141 1140
1142 1141 1132
1141 1142 1132
1132 1142 1141
1143 1141 1132
1141 1143 1132
1132 1143 1141
1144 1143 1142
1143 1144 1142
1142 1144 1143
1145 1049 1043
1049 1145 1043
1043 1145 1049
1146 1048 1043
1048 1146 1043
1043 1146 1048
1147 1049 1048
1049 1147 1048
1048 1147 1049
1148 1147 1146
1147 1148 1146
1146 1148 1147
1149 1148 1145
1148 1149 1145
1145 1149 1148
1150 24 5
