25 13 1
13 25 1
1 25 13
26 13 2
13 26 2
2 26 13
27 14 1
14 27 1
1 27 14
28 27 26
27 28 26
26 28 27
29 27 26
27 29 26
26 29 27
30 29 28
29 30 28
28 30 29
31 27 26
27 31 26
26 31 27
32 13 3
13 32 3
3 32 13
33 14 2
14 33 2
2 33 14
34 15 1
15 34 1
1 34 15
35 34 33
34 35 33
33 35 34
36 34 33
34 36 33
33 36 34
37 36 35
36 37 35
35 37 36
38 37 32
37 38 32
32 38 37
39 37 32
37 39 32
32 39 37
40 39 38
39 40 38
38 40 39
41 40 31
40 41 31
31 41 40
42 40 31
40 42 31
31 42 40
43 42 41
42 43 41
41 43 42
44 40 31
40 44 31
31 44 40
45 33 32
33 45 32
32 45 33
46 34 32
34 46 32
32 46 34
47 34 33
34 47 33
33 47 34
48 47 46
47 48 46
46 48 47
49 48 45
48 49 45
45 49 48
50 14 3
14 50 3
3 50 14
51 15 2
15 51 2
2 51 15
52 51 50
51 52 50
50 52 51
53 51 50
51 53 50
50 53 51
54 53 52
53 54 52
52 54 53
55 54 49
54 55 49
49 55 54
56 54 49
54 56 49
49 56 54
57 56 55
56 57 55
55 57 56
58 57 44
57 58 44
44 58 57
59 57 44
57 59 44
44 59 57
60 59 58
59 60 58
58 60 59
61 16 4
16 61 4
4 61 16
62 4 1
4 62 1
1 62 4
63 4 1
4 63 1
1 63 4
64 63 62
63 64 62
62 64 63
65 16 13
16 65 13
13 65 16
66 16 13
16 66 13
13 66 16
67 66 65
66 67 65
65 67 66
68 67 64
67 68 64
64 68 67
69 68 61
68 69 61
61 69 68
70 68 61
68 70 61
61 70 68
71 70 69
70 71 69
69 71 70
72 71 25
71 72 25
25 72 71
73 71 25
71 73 25
25 73 71
74 73 72
73 74 72
72 74 73
75 74 60
74 75 60
60 75 74
76 74 60
74 76 60
60 76 74
77 76 75
76 77 75
75 77 76
78 74 60
74 78 60
60 78 74
79 54 44
54 79 44
44 79 54
80 49 44
49 80 44
44 80 49
81 54 49
54 81 49
49 81 54
82 81 80
81 82 80
80 82 81
83 82 79
82 83 79
79 83 82
84 15 3
15 84 3
3 84 15
85 51 50
51 85 50
50 85 51
86 85 84
85 86 84
84 86 85
87 85 84
85 87 84
84 87 85
88 87 86
87 88 86
86 88 87
89 88 83
88 89 83
83 89 88
90 88 83
88 90 83
83 90 88
91 90 89
90 91 89
89 91 90
92 5 2
5 92 2
2 92 5
93 5 2
5 93 2
2 93 5
94 93 92
93 94 92
92 94 93
95 4 1
4 95 1
1 95 4
96 95 94
95 96 94
94 96 95
97 95 94
95 97 94
94 97 95
98 97 96
97 98 96
96 98 97
99 98 67
98 99 67
67 99 98
100 17 14
17 100 14
14 100 17
101 17 14
17 101 14
14 101 17
102 101 100
101 102 100
100 102 101
103 16 13
16 103 13
13 103 16
104 103 102
103 104 102
102 104 103
105 103 102
103 105 102
102 105 103
106 105 104
105 106 104
104 106 105
107 106 64
106 107 64
64 107 106
108 107 99
107 108 99
99 108 107
109 107 99
107 109 99
99 109 107
110 109 108
109 110 108
108 110 109
111 16 5
16 111 5
5 111 16
112 17 4
17 112 4
4 112 17
113 112 111
112 113 111
111 113 112
114 112 111
112 114 111
111 114 112
115 114 113
114 115 113
113 115 114
116 115 61
115 116 61
61 116 115
117 115 61
115 117 61
61 117 115
118 117 116
117 118 116
116 118 117
119 118 110
118 119 110
110 119 118
120 118 110
118 120 110
110 120 118
121 120 119
120 121 119
119 121 120
122 68 61
68 122 61
61 122 68
123 122 121
122 123 121
121 123 122
124 122 121
122 124 121
121 124 122
125 124 123
124 125 123
123 125 124
126 30 25
30 126 25
25 126 30
127 30 25
30 127 25
25 127 30
128 127 126
127 128 126
126 128 127
129 128 125
128 129 125
125 129 128
130 128 125
128 130 125
125 130 128
131 130 129
130 131 129
129 131 130
132 71 25
71 132 25
25 132 71
133 132 131
132 133 131
131 133 132
134 132 131
132 134 131
131 134 132
135 134 133
134 135 133
133 135 134
136 135 91
135 136 91
91 136 135
137 135 91
135 137 91
91 137 135
138 137 136
137 138 136
136 138 137
139 138 78
138 139 78
78 139 138
140 138 78
138 140 78
78 140 138
141 140 139
140 141 139
139 141 140
142 135 91
135 142 91
91 142 135
143 91 78
91 143 78
78 143 91
144 135 78
135 144 78
78 144 135
145 144 143
144 145 143
143 145 144
146 145 142
145 146 142
142 146 145
147 84 83
84 147 83
83 147 84
148 85 83
85 148 83
83 148 85
149 85 84
85 149 84
84 149 85
150 149 148
149 150 148
148 150 149
151 150 147
150 151 147
147 151 150
152 128 125
128 152 125
125 152 128
153 132 125
132 153 125
125 153 132
154 132 128
132 154 128
128 154 132
155 154 153
154 155 153
153 155 154
156 155 152
155 156 152
152 156 155
157 118 110
118 157 110
110 157 118
158 122 110
122 158 110
110 158 122
159 122 118
122 159 118
118 159 122
160 159 158
159 160 158
158 160 159
161 160 157
160 161 157
157 161 160
162 106 98
106 162 98
98 162 106
163 107 99
107 163 99
99 163 107
164 163 162
163 164 162
162 164 163
165 163 162
163 165 162
162 165 163
166 165 164
165 166 164
164 166 165
167 5 2
5 167 2
2 167 5
168 95 5
95 168 5
5 168 95
169 95 2
95 169 2
2 169 95
170 169 168
169 170 168
168 170 169
171 170 167
170 171 167
167 171 170
172 6 3
6 172 3
3 172 6
173 6 3
6 173 3
3 173 6
174 173 172
173 174 172
172 174 173
175 174 171
174 175 171
171 175 174
176 174 171
174 176 171
171 176 174
177 176 175
176 177 175
175 177 176
178 17 14
17 178 14
14 178 17
179 103 17
103 179 17
17 179 103
180 103 14
103 180 14
14 180 103
181 180 179
180 181 179
179 181 180
182 181 178
181 182 178
178 182 181
183 18 15
18 183 15
15 183 18
184 18 15
18 184 15
15 184 18
185 184 183
184 185 183
183 185 184
186 185 182
185 186 182
182 186 185
187 185 182
185 187 182
182 187 185
188 187 186
187 188 186
186 188 187
189 188 177
188 189 177
177 189 188
190 177 64
177 190 64
64 190 177
191 177 64
177 191 64
64 191 177
192 191 190
191 192 190
190 192 191
193 188 67
188 193 67
67 193 188
194 188 67
188 194 67
67 194 188
195 194 193
194 195 193
193 195 194
196 195 192
195 196 192
192 196 195
197 196 189
196 197 189
189 197 196
198 196 189
196 198 189
189 198 196
199 198 197
198 199 197
197 199 198
200 199 68
199 200 68
68 200 199
201 199 68
199 201 68
68 201 199
202 201 200
201 202 200
200 202 201
203 202 166
202 203 166
166 203 202
204 202 166
202 204 166
166 204 202
205 204 203
204 205 203
203 205 204
206 112 111
112 206 111
111 206 112
207 16 6
16 207 6
6 207 16
208 17 5
17 208 5
5 208 17
209 18 4
18 209 4
4 209 18
210 209 208
209 210 208
208 210 209
211 209 208
209 211 208
208 211 209
212 211 210
211 212 210
210 212 211
213 212 207
212 213 207
207 213 212
214 212 207
212 214 207
207 214 212
215 214 213
214 215 213
213 215 214
216 215 206
215 216 206
206 216 215
217 215 206
215 217 206
206 217 215
218 217 216
217 218 216
216 218 217
219 115 61
115 219 61
61 219 115
220 219 218
219 220 218
218 220 219
221 219 218
219 221 218
218 221 219
222 221 220
221 222 220
220 222 221
223 222 205
222 223 205
205 223 222
224 222 205
222 224 205
205 224 222
225 224 223
224 225 223
223 225 224
226 225 161
225 226 161
161 226 225
227 225 161
225 227 161
161 227 225
228 227 226
227 228 226
226 228 227
229 30 25
30 229 25
25 229 30
230 229 43
229 230 43
43 230 229
231 229 43
229 231 43
43 231 229
232 231 230
231 232 230
230 232 231
233 232 228
232 233 228
228 233 232
234 232 228
232 234 228
228 234 232
235 234 233
234 235 233
233 235 234
236 235 156
235 236 156
156 236 235
237 235 156
235 237 156
156 237 235
238 237 236
237 238 236
236 238 237
239 238 151
238 239 151
151 239 238
240 238 151
238 240 151
151 240 238
241 240 239
240 241 239
239 241 240
242 241 146
241 242 146
146 242 241
243 241 146
241 243 146
146 243 241
244 243 242
243 244 242
242 244 243
245 232 228
232 245 228
228 245 232
246 228 156
228 246 156
156 246 228
247 232 156
232 247 156
156 247 232
248 247 246
247 248 246
246 248 247
249 248 245
248 249 245
245 249 248
250 222 205
222 250 205
205 250 222
251 205 161
205 251 161
161 251 205
252 222 161
222 252 161
161 252 222
253 252 251
252 253 251
251 253 252
254 253 250
253 254 250
250 254 253
255 202 166
202 255 166
166 255 202
256 163 162
163 256 162
162 256 163
257 6 3
6 257 3
3 257 6
258 171 6
171 258 6
6 258 171
259 171 3
171 259 3
3 259 171
260 259 258
259 260 258
258 260 259
261 260 257
260 261 257
257 261 260
262 261 98
261 262 98
98 262 261
263 261 98
261 263 98
98 263 261
264 263 262
263 264 262
262 264 263
265 177 64
177 265 64
64 265 177
266 265 264
265 266 264
264 266 265
267 265 264
265 267 264
264 267 265
268 267 266
267 268 266
266 268 267
269 268 195
268 269 195
195 269 268
270 18 15
18 270 15
15 270 18
271 182 18
182 271 18
18 271 182
272 182 15
182 272 15
15 272 182
273 272 271
272 273 271
271 273 272
274 273 270
273 274 270
270 274 273
275 274 106
274 275 106
106 275 274
276 274 106
274 276 106
106 276 274
277 276 275
276 277 275
275 277 276
278 188 67
188 278 67
67 278 188
279 278 277
278 279 277
277 279 278
280 278 277
278 280 277
277 280 278
281 280 279
280 281 279
279 281 280
282 281 192
281 282 192
192 282 281
283 282 269
282 283 269
269 283 282
284 282 269
282 284 269
269 284 282
285 284 283
284 285 283
283 285 284
286 261 188
261 286 188
188 286 261
287 274 177
274 287 177
177 287 274
288 287 286
287 288 286
286 288 287
289 287 286
287 289 286
286 289 287
290 289 288
289 290 288
288 290 289
291 290 189
290 291 189
189 291 290
292 290 189
290 292 189
189 292 290
293 292 291
292 293 291
291 293 292
294 293 285
293 294 285
285 294 293
295 293 285
293 295 285
285 295 293
296 295 294
295 296 294
294 296 295
297 196 189
196 297 189
189 297 196
298 297 296
297 298 296
296 298 297
299 297 296
297 299 296
296 299 297
300 299 298
299 300 298
298 300 299
301 110 68
110 301 68
68 301 110
302 110 68
110 302 68
68 302 110
303 302 301
302 303 301
301 303 302
304 303 300
303 304 300
300 304 303
305 303 300
303 305 300
300 305 303
306 305 304
305 306 304
304 306 305
307 199 68
199 307 68
68 307 199
308 307 306
307 308 306
306 308 307
309 307 306
307 309 306
306 309 307
310 309 308
309 310 308
308 310 309
311 310 256
310 311 256
256 311 310
312 310 256
310 312 256
256 312 310
313 312 311
312 313 311
311 313 312
314 313 255
313 314 255
255 314 313
315 313 255
313 315 255
255 315 313
316 315 314
315 316 314
314 316 315
317 215 206
215 317 206
206 317 215
318 208 207
208 318 207
207 318 208
319 209 207
209 319 207
207 319 209
320 209 208
209 320 208
208 320 209
321 320 319
320 321 319
319 321 320
322 321 318
321 322 318
318 322 321
323 17 6
17 323 6
6 323 17
324 18 5
18 324 5
5 324 18
325 324 323
324 325 323
323 325 324
326 324 323
324 326 323
323 326 324
327 326 325
326 327 325
325 327 326
328 327 322
327 328 322
322 328 327
329 327 322
327 329 322
322 329 327
330 329 328
329 330 328
328 330 329
331 330 317
330 331 317
317 331 330
332 330 317
330 332 317
317 332 330
333 332 331
332 333 331
331 333 332
334 219 218
219 334 218
218 334 219
335 334 333
334 335 333
333 335 334
336 334 333
334 336 333
333 336 334
337 336 335
336 337 335
335 337 336
338 337 316
337 338 316
316 338 337
339 337 316
337 339 316
316 339 337
340 339 338
339 340 338
338 340 339
341 340 254
340 341 254
254 341 340
342 340 254
340 342 254
254 342 340
343 342 341
342 343 341
341 343 342
344 229 43
229 344 43
43 344 229
345 344 60
344 345 60
60 345 344
346 344 60
344 346 60
60 346 344
347 346 345
346 347 345
345 347 346
348 347 343
347 348 343
343 348 347
349 347 343
347 349 343
343 349 347
350 349 348
349 350 348
348 350 349
351 350 249
350 351 249
249 351 350
352 350 249
350 352 249
249 352 350
353 352 351
352 353 351
351 353 352
354 238 151
238 354 151
151 354 238
355 151 146
151 355 146
146 355 151
356 238 146
238 356 146
146 356 238
357 356 355
356 357 355
355 357 356
358 357 354
357 358 354
354 358 357
359 358 61
358 359 61
61 359 358
360 358 61
358 360 61
61 360 358
361 360 359
360 361 359
359 361 360
362 361 353
361 362 353
353 362 361
363 361 353
361 363 353
353 363 361
364 363 362
363 364 362
362 364 363
365 19 7
19 365 7
7 365 19
366 7 1
7 366 1
1 366 7
367 7 1
7 367 1
1 367 7
368 367 366
367 368 366
366 368 367
369 19 13
19 369 13
13 369 19
370 19 13
19 370 13
13 370 19
371 370 369
370 371 369
369 371 370
372 371 368
371 372 368
368 372 371
373 372 365
372 373 365
365 373 372
374 372 365
372 374 365
365 374 372
375 374 373
374 375 373
373 375 374
376 375 25
375 376 25
25 376 375
377 375 25
375 377 25
25 377 375
378 377 376
377 378 376
376 378 377
379 378 364
378 379 364
364 379 378
380 378 364
378 380 364
364 380 378
381 380 379
380 381 379
379 381 380
382 378 364
378 382 364
364 382 378
383 347 343
347 383 343
343 383 347
384 343 249
343 384 249
249 384 343
385 347 249
347 385 249
249 385 347
386 385 384
385 386 384
384 386 385
387 386 383
386 387 383
383 387 386
388 337 316
337 388 316
316 388 337
389 316 254
316 389 254
254 389 316
390 337 254
337 390 254
254 390 337
391 390 389
390 391 389
389 391 390
392 391 388
391 392 388
388 392 391
393 303 300
303 393 300
300 393 303
394 307 300
307 394 300
300 394 307
395 307 303
307 395 303
303 395 307
396 395 394
395 396 394
394 396 395
397 396 393
396 397 393
393 397 396
398 293 285
293 398 285
285 398 293
399 297 285
297 399 285
285 399 297
400 297 293
297 400 293
293 400 297
401 400 399
400 401 399
399 401 400
402 401 398
401 402 398
398 402 401
403 282 269
282 403 269
269 403 282
404 261 98
261 404 98
98 404 261
405 265 261
265 405 261
261 405 265
406 265 98
265 406 98
98 406 265
407 406 405
406 407 405
405 407 406
408 407 404
407 408 404
404 408 407
409 408 195
408 409 195
195 409 408
410 281 268
281 410 268
268 410 281
411 274 106
274 411 106
106 411 274
412 278 274
278 412 274
274 412 278
413 278 106
278 413 106
106 413 278
414 413 412
413 414 412
412 414 413
415 414 411
414 415 411
411 415 414
416 415 192
415 416 192
192 416 415
417 416 410
416 417 410
410 417 416
418 416 410
416 418 410
410 418 416
419 418 417
418 419 417
417 419 418
420 419 409
419 420 409
409 420 419
421 419 409
419 421 409
409 421 419
422 421 420
421 422 420
420 422 421
423 422 403
422 423 403
403 423 422
424 422 403
422 424 403
403 424 422
425 424 423
424 425 423
423 425 424
426 274 261
274 426 261
261 426 274
427 287 286
287 427 286
286 427 287
428 427 426
427 428 426
426 428 427
429 427 426
427 429 426
426 429 427
430 429 428
429 430 428
428 430 429
431 290 189
290 431 189
189 431 290
432 431 430
431 432 430
430 432 431
433 431 430
431 433 430
430 433 431
434 433 432
433 434 432
432 434 433
435 434 425
434 435 425
425 435 434
436 434 425
434 436 425
425 436 434
437 436 435
436 437 435
435 437 436
438 437 402
437 438 402
402 438 437
439 437 402
437 439 402
402 439 437
440 439 438
439 440 438
438 440 439
441 110 68
110 441 68
68 441 110
442 441 166
441 442 166
166 442 441
443 441 166
441 443 166
166 443 441
444 443 442
443 444 442
442 444 443
445 444 440
444 445 440
440 445 444
446 444 440
444 446 440
440 446 444
447 446 445
446 447 445
445 447 446
448 447 397
447 448 397
397 448 447
449 447 397
447 449 397
397 449 447
450 449 448
449 450 448
448 450 449
451 310 256
310 451 256
256 451 310
452 256 255
256 452 255
255 452 256
453 310 255
310 453 255
255 453 310
454 453 452
453 454 452
452 454 453
455 454 451
454 455 451
451 455 454
456 455 189
455 456 189
189 456 455
457 455 189
455 457 189
189 457 455
458 457 456
457 458 456
456 458 457
459 458 450
458 459 450
450 459 458
460 458 450
458 460 450
450 460 458
461 460 459
460 461 459
459 461 460
462 327 317
327 462 317
317 462 327
463 322 317
322 463 317
317 463 322
464 327 322
327 464 322
322 464 327
465 464 463
464 465 463
463 465 464
466 465 462
465 466 462
462 466 465
467 18 6
18 467 6
6 467 18
468 324 323
324 468 323
323 468 324
469 468 467
468 469 467
467 469 468
470 468 467
468 470 467
467 470 468
471 470 469
470 471 469
469 471 470
472 471 466
471 472 466
466 472 471
473 471 466
471 473 466
466 473 471
474 473 472
473 474 472
472 474 473
475 334 333
334 475 333
333 475 334
476 475 474
475 476 474
474 476 475
477 475 474
475 477 474
474 477 475
478 477 476
477 478 476
476 478 477
479 478 461
478 479 461
461 479 478
480 478 461
478 480 461
461 480 478
481 480 479
480 481 479
479 481 480
482 481 392
481 482 392
392 482 481
483 481 392
481 483 392
392 483 481
484 483 482
483 484 482
482 484 483
485 344 60
344 485 60
60 485 344
486 485 91
485 486 91
91 486 485
487 485 91
485 487 91
91 487 485
488 487 486
487 488 486
486 488 487
489 488 484
488 489 484
484 489 488
490 488 484
488 490 484
484 490 488
491 490 489
490 491 489
489 491 490
492 491 387
491 492 387
387 492 491
493 491 387
491 493 387
387 493 491
494 493 492
493 494 492
492 494 493
495 353 61
353 495 61
61 495 353
496 358 353
358 496 353
353 496 358
497 358 61
358 497 61
61 497 358
498 497 496
497 498 496
496 498 497
499 498 495
498 499 495
495 499 498
500 499 115
499 500 115
115 500 499
501 499 115
499 501 115
115 501 499
502 501 500
501 502 500
500 502 501
503 502 494
502 503 494
494 503 502
504 502 494
502 504 494
494 504 502
505 504 503
504 505 503
503 505 504
506 8 2
8 506 2
2 506 8
507 8 2
8 507 2
2 507 8
508 507 506
507 508 506
506 508 507
509 7 1
7 509 1
1 509 7
510 509 508
509 510 508
508 510 509
511 509 508
509 511 508
508 511 509
512 511 510
511 512 510
510 512 511
513 512 371
512 513 371
371 513 512
514 20 14
20 514 14
14 514 20
515 20 14
20 515 14
14 515 20
516 515 514
515 516 514
514 516 515
517 19 13
19 517 13
13 517 19
518 517 516
517 518 516
516 518 517
519 517 516
517 519 516
516 519 517
520 519 518
519 520 518
518 520 519
521 520 368
520 521 368
368 521 520
522 521 513
521 522 513
513 522 521
523 521 513
521 523 513
513 523 521
524 523 522
523 524 522
522 524 523
525 19 8
19 525 8
8 525 19
526 20 7
20 526 7
7 526 20
527 526 525
526 527 525
525 527 526
528 526 525
526 528 525
525 528 526
529 528 527
528 529 527
527 529 528
530 529 365
529 530 365
365 530 529
531 529 365
529 531 365
365 531 529
532 531 530
531 532 530
530 532 531
533 532 524
532 533 524
524 533 532
534 532 524
532 534 524
524 534 532
535 534 533
534 535 533
533 535 534
536 372 365
372 536 365
365 536 372
537 536 535
536 537 535
535 537 536
538 536 535
536 538 535
535 538 536
539 538 537
538 539 537
537 539 538
540 539 128
539 540 128
128 540 539
541 539 128
539 541 128
128 541 539
542 541 540
541 542 540
540 542 541
543 375 25
375 543 25
25 543 375
544 543 542
543 544 542
542 544 543
545 543 542
543 545 542
542 545 543
546 545 544
545 546 544
544 546 545
547 546 505
546 547 505
505 547 546
548 546 505
546 548 505
505 548 546
549 548 547
548 549 547
547 549 548
550 549 382
549 550 382
382 550 549
551 549 382
549 551 382
382 551 549
552 551 550
551 552 550
550 552 551
553 546 505
546 553 505
505 553 546
554 505 382
505 554 382
382 554 505
555 546 382
546 555 382
382 555 546
556 555 554
555 556 554
554 556 555
557 556 553
556 557 553
553 557 556
558 488 484
488 558 484
484 558 488
559 484 387
484 559 387
387 559 484
560 488 387
488 560 387
387 560 488
561 560 559
560 561 559
559 561 560
562 561 558
561 562 558
558 562 561
563 478 461
478 563 461
461 563 478
564 461 392
461 564 392
392 564 461
565 478 392
478 565 392
392 565 478
566 565 564
565 566 564
564 566 565
567 566 563
566 567 563
563 567 566
568 444 440
444 568 440
440 568 444
569 440 397
440 569 397
397 569 440
570 444 397
444 570 397
397 570 444
571 570 569
570 571 569
569 571 570
572 571 568
571 572 568
568 572 571
573 434 425
434 573 425
425 573 434
574 425 402
425 574 402
402 574 425
575 434 402
434 575 402
402 575 434
576 575 574
575 576 574
574 576 575
577 576 573
576 577 573
573 577 576
578 422 403
422 578 403
403 578 422
579 410 409
410 579 409
409 579 410
580 416 409
416 580 409
409 580 416
581 416 410
416 581 410
410 581 416
582 581 580
581 582 580
580 582 581
583 582 579
582 583 579
579 583 582
584 408 281
408 584 281
281 584 408
585 415 268
415 585 268
268 585 415
586 585 584
585 586 584
584 586 585
587 585 584
585 587 584
584 587 585
588 587 586
587 588 586
586 588 587
589 588 583
588 589 583
583 589 588
590 588 583
588 590 583
583 590 588
591 590 589
590 591 589
589 591 590
592 591 578
591 592 578
578 592 591
593 591 578
591 593 578
578 593 591
594 593 592
593 594 592
592 594 593
595 427 426
427 595 426
426 595 427
596 431 430
431 596 430
430 596 431
597 596 595
596 597 595
595 597 596
598 596 595
596 598 595
595 598 596
599 598 597
598 599 597
597 599 598
600 599 594
599 600 594
594 600 599
601 599 594
599 601 594
594 601 599
602 601 600
601 602 600
600 602 601
603 602 577
602 603 577
577 603 602
604 602 577
602 604 577
577 604 602
605 604 603
604 605 603
603 605 604
606 441 166
441 606 166
166 606 441
607 606 256
606 607 256
256 607 606
608 606 256
606 608 256
256 608 606
609 608 607
608 609 607
607 609 608
610 609 605
609 610 605
605 610 609
611 609 605
609 611 605
605 611 609
612 611 610
611 612 610
610 612 611
613 612 572
612 613 572
572 613 612
614 612 572
612 614 572
572 614 612
615 614 613
614 615 613
613 615 614
616 450 189
450 616 189
189 616 450
617 455 450
455 617 450
450 617 455
618 455 189
455 618 189
189 618 455
619 618 617
618 619 617
617 619 618
620 619 616
619 620 616
616 620 619
621 620 290
620 621 290
290 621 620
622 620 290
620 622 290
290 622 620
623 622 621
622 623 621
621 623 622
624 623 615
623 624 615
615 624 623
625 623 615
623 625 615
615 625 623
626 625 624
625 626 624
624 626 625
627 467 466
467 627 466
466 627 467
628 468 466
468 628 466
466 628 468
629 468 467
468 629 467
467 629 468
630 629 628
629 630 628
628 630 629
631 630 627
630 631 627
627 631 630
632 475 474
475 632 474
474 632 475
633 632 631
632 633 631
631 633 632
634 632 631
632 634 631
631 634 632
635 634 633
634 635 633
633 635 634
636 635 626
635 636 626
626 636 635
637 635 626
635 637 626
626 637 635
638 637 636
637 638 636
636 638 637
639 638 567
638 639 567
567 639 638
640 638 567
638 640 567
567 640 638
641 640 639
640 641 639
639 641 640
642 485 91
485 642 91
91 642 485
643 642 151
642 643 151
151 643 642
644 642 151
642 644 151
151 644 642
645 644 643
644 645 643
643 645 644
646 645 641
645 646 641
641 646 645
647 645 641
645 647 641
641 647 645
648 647 646
647 648 646
646 648 647
649 648 562
648 649 562
562 649 648
650 648 562
648 650 562
562 650 648
651 650 649
650 651 649
649 651 650
652 494 115
494 652 115
115 652 494
653 499 494
499 653 494
494 653 499
654 499 115
499 654 115
115 654 499
655 654 653
654 655 653
653 655 654
656 655 652
655 656 652
652 656 655
657 656 218
656 657 218
218 657 656
658 656 218
656 658 218
218 658 656
659 658 657
658 659 657
657 659 658
660 659 651
659 660 651
651 660 659
661 659 651
659 661 651
651 661 659
662 661 660
661 662 660
660 662 661
663 539 128
539 663 128
128 663 539
664 543 539
543 664 539
539 664 543
665 543 128
543 665 128
128 665 543
666 665 664
665 666 664
664 666 665
667 666 663
666 667 663
663 667 666
668 532 524
532 668 524
524 668 532
669 536 524
536 669 524
524 669 536
670 536 532
536 670 532
532 670 536
671 670 669
670 671 669
669 671 670
672 671 668
671 672 668
668 672 671
673 521 513
521 673 513
513 673 521
674 8 2
8 674 2
2 674 8
675 509 8
509 675 8
8 675 509
676 509 2
509 676 2
2 676 509
677 676 675
676 677 675
675 677 676
678 677 674
677 678 674
674 678 677
679 9 3
9 679 3
3 679 9
680 9 3
9 680 3
3 680 9
681 680 679
680 681 679
679 681 680
682 681 678
681 682 678
678 682 681
683 681 678
681 683 678
678 683 681
684 683 682
683 684 682
682 684 683
685 684 371
684 685 371
371 685 684
686 520 512
520 686 512
512 686 520
687 20 14
20 687 14
14 687 20
688 517 20
517 688 20
20 688 517
689 517 14
517 689 14
14 689 517
690 689 688
689 690 688
688 690 689
691 690 687
690 691 687
687 691 690
692 21 15
21 692 15
15 692 21
693 21 15
21 693 15
15 693 21
694 693 692
693 694 692
692 694 693
695 694 691
694 695 691
691 695 694
696 694 691
694 696 691
691 696 694
697 696 695
696 697 695
695 697 696
698 697 368
697 698 368
368 698 697
699 698 686
698 699 686
686 699 698
700 698 686
698 700 686
686 700 698
701 700 699
700 701 699
699 701 700
702 701 685
701 702 685
685 702 701
703 701 685
701 703 685
685 703 701
704 703 702
703 704 702
702 704 703
705 704 673
704 705 673
673 705 704
706 704 673
704 706 673
673 706 704
707 706 705
706 707 705
705 707 706
708 526 525
526 708 525
525 708 526
709 19 9
19 709 9
9 709 19
710 20 8
20 710 8
8 710 20
711 21 7
21 711 7
7 711 21
712 711 710
711 712 710
710 712 711
713 711 710
711 713 710
710 713 711
714 713 712
713 714 712
712 714 713
715 714 709
714 715 709
709 715 714
716 714 709
714 716 709
709 716 714
717 716 715
716 717 715
715 717 716
718 717 708
717 718 708
708 718 717
719 717 708
717 719 708
708 719 717
720 719 718
719 720 718
718 720 719
721 529 365
529 721 365
365 721 529
722 721 720
721 722 720
720 722 721
723 721 720
721 723 720
720 723 721
724 723 722
723 724 722
722 724 723
725 724 707
724 725 707
707 725 724
726 724 707
724 726 707
707 726 724
727 726 725
726 727 725
725 727 726
728 727 672
727 728 672
672 728 727
729 727 672
727 729 672
672 729 727
730 729 728
729 730 728
728 730 729
731 730 232
730 731 232
232 731 730
732 730 232
730 732 232
232 732 730
733 732 731
732 733 731
731 733 732
734 733 667
733 734 667
667 734 733
735 733 667
733 735 667
667 735 733
736 735 734
735 736 734
734 736 735
737 736 662
736 737 662
662 737 736
738 736 662
736 738 662
662 738 736
739 738 737
738 739 737
737 739 738
740 739 557
739 740 557
557 740 739
741 739 557
739 741 557
557 741 739
742 741 740
741 742 740
740 742 741
743 736 662
736 743 662
662 743 736
744 662 557
662 744 557
557 744 662
745 736 557
736 745 557
557 745 736
746 745 744
745 746 744
744 746 745
747 746 743
746 747 743
743 747 746
748 645 641
645 748 641
641 748 645
749 641 562
641 749 562
562 749 641
750 645 562
645 750 562
562 750 645
751 750 749
750 751 749
749 751 750
752 751 748
751 752 748
748 752 751
753 635 626
635 753 626
626 753 635
754 626 567
626 754 567
567 754 626
755 635 567
635 755 567
567 755 635
756 755 754
755 756 754
754 756 755
757 756 753
756 757 753
753 757 756
758 609 605
609 758 605
605 758 609
759 605 572
605 759 572
572 759 605
760 609 572
609 760 572
572 760 609
761 760 759
760 761 759
759 761 760
762 761 758
761 762 758
758 762 761
763 599 594
599 763 594
594 763 599
764 594 577
594 764 577
577 764 594
765 599 577
599 765 577
577 765 599
766 765 764
765 766 764
764 766 765
767 766 763
766 767 763
763 767 766
768 588 578
588 768 578
578 768 588
769 583 578
583 769 578
578 769 583
770 588 583
588 770 583
583 770 588
771 770 769
770 771 769
769 771 770
772 771 768
771 772 768
768 772 771
773 415 408
415 773 408
408 773 415
774 585 584
585 774 584
584 774 585
775 774 773
774 775 773
773 775 774
776 774 773
774 776 773
773 776 774
777 776 775
776 777 775
775 777 776
778 777 772
777 778 772
772 778 777
779 777 772
777 779 772
772 779 777
780 779 778
779 780 778
778 780 779
781 596 595
596 781 595
595 781 596
782 781 780
781 782 780
780 782 781
783 781 780
781 783 780
780 783 781
784 783 782
783 784 782
782 784 783
785 784 767
784 785 767
767 785 784
786 784 767
784 786 767
767 786 784
787 786 785
786 787 785
785 787 786
788 606 256
606 788 256
256 788 606
789 788 787
788 789 787
787 789 788
790 788 787
788 790 787
787 790 788
791 790 789
790 791 789
789 791 790
792 791 762
791 792 762
762 792 791
793 791 762
791 793 762
762 793 791
794 793 792
793 794 792
792 794 793
795 615 290
615 795 290
290 795 615
796 620 615
620 796 615
615 796 620
797 620 290
620 797 290
290 797 620
798 797 796
797 798 796
796 798 797
799 798 795
798 799 795
795 799 798
800 799 430
799 800 430
430 800 799
801 799 430
799 801 430
430 801 799
802 801 800
801 802 800
800 802 801
803 802 794
802 803 794
794 803 802
804 802 794
802 804 794
794 804 802
805 804 803
804 805 803
803 805 804
806 632 631
632 806 631
631 806 632
807 806 805
806 807 805
805 807 806
808 806 805
806 808 805
805 808 806
809 808 807
808 809 807
807 809 808
810 809 757
809 810 757
757 810 809
811 809 757
809 811 757
757 811 809
812 811 810
811 812 810
810 812 811
813 642 151
642 813 151
151 813 642
814 813 812
813 814 812
812 814 813
815 813 812
813 815 812
812 815 813
816 815 814
815 816 814
814 816 815
817 816 752
816 817 752
752 817 816
818 816 752
816 818 752
752 818 816
819 818 817
818 819 817
817 819 818
820 651 218
651 820 218
218 820 651
821 656 651
656 821 651
651 821 656
822 656 218
656 822 218
218 822 656
823 822 821
822 823 821
821 823 822
824 823 820
823 824 820
820 824 823
825 824 333
824 825 333
333 825 824
826 824 333
824 826 333
333 826 824
827 826 825
826 827 825
825 827 826
828 827 819
827 828 819
819 828 827
829 827 819
827 829 819
819 829 827
830 829 828
829 830 828
828 830 829
831 730 232
730 831 232
232 831 730
832 730 667
730 832 667
667 832 730
833 667 232
667 833 232
232 833 667
834 833 832
833 834 832
832 834 833
835 834 831
834 835 831
831 835 834
836 724 707
724 836 707
707 836 724
837 707 672
707 837 672
672 837 707
838 724 672
724 838 672
672 838 724
839 838 837
838 839 837
837 839 838
840 839 836
839 840 836
836 840 839
841 704 673
704 841 673
673 841 704
842 686 685
686 842 685
685 842 686
843 698 685
698 843 685
685 843 698
844 698 686
698 844 686
686 844 698
845 844 843
844 845 843
843 845 844
846 845 842
845 846 842
842 846 845
847 684 520
684 847 520
520 847 684
848 697 512
697 848 512
512 848 697
849 848 847
848 849 847
847 849 848
850 848 847
848 850 847
847 850 848
851 850 849
850 851 849
849 851 850
852 851 846
851 852 846
846 852 851
853 851 846
851 853 846
846 853 851
854 853 852
853 854 852
852 854 853
855 854 841
854 855 841
841 855 854
856 854 841
854 856 841
841 856 854
857 856 855
856 857 855
855 857 856
858 9 3
9 858 3
3 858 9
859 678 9
678 859 9
9 859 678
860 678 3
678 860 3
3 860 678
861 860 859
860 861 859
859 861 860
862 861 858
861 862 858
858 862 861
863 10 4
10 863 4
4 863 10
864 10 4
10 864 4
4 864 10
865 864 863
864 865 863
863 865 864
866 865 862
865 866 862
862 866 865
867 865 862
865 867 862
862 867 865
868 867 866
867 868 866
866 868 867
869 21 15
21 869 15
15 869 21
870 691 21
691 870 21
21 870 691
871 691 15
691 871 15
15 871 691
872 871 870
871 872 870
870 872 871
873 872 869
872 873 869
869 873 872
874 22 16
22 874 16
16 874 22
875 22 16
22 875 16
16 875 22
876 875 874
875 876 874
874 876 875
877 876 873
876 877 873
873 877 876
878 876 873
876 878 873
873 878 876
879 878 877
878 879 877
877 879 878
880 879 868
879 880 868
868 880 879
881 868 368
868 881 368
368 881 868
882 868 368
868 882 368
368 882 868
883 882 881
882 883 881
881 883 882
884 879 371
879 884 371
371 884 879
885 879 371
879 885 371
371 885 879
886 885 884
885 886 884
884 886 885
887 886 883
886 887 883
883 887 886
888 887 880
887 888 880
880 888 887
889 887 880
887 889 880
880 889 887
890 889 888
889 890 888
888 890 889
891 890 372
890 891 372
372 891 890
892 890 372
890 892 372
372 892 890
893 892 891
892 893 891
891 893 892
894 893 857
893 894 857
857 894 893
895 893 857
893 895 857
857 895 893
896 895 894
895 896 894
894 896 895
897 717 708
717 897 708
708 897 717
898 710 709
710 898 709
709 898 710
899 711 709
711 899 709
709 899 711
900 711 710
711 900 710
710 900 711
901 900 899
900 901 899
899 901 900
902 901 898
901 902 898
898 902 901
903 20 9
20 903 9
9 903 20
904 21 8
21 904 8
8 904 21
905 904 903
904 905 903
903 905 904
906 904 903
904 906 903
903 906 904
907 906 905
906 907 905
905 907 906
908 907 902
907 908 902
902 908 907
909 907 902
907 909 902
902 909 907
910 909 908
909 910 908
908 910 909
911 910 897
910 911 897
897 911 910
912 910 897
910 912 897
897 912 910
913 912 911
912 913 911
911 913 912
914 22 10
22 914 10
10 914 22
915 10 7
10 915 7
7 915 10
916 10 7
10 916 7
7 916 10
917 916 915
916 917 915
915 917 916
918 22 19
22 918 19
19 918 22
919 22 19
22 919 19
19 919 22
920 919 918
919 920 918
918 920 919
921 920 917
920 921 917
917 921 920
922 921 914
921 922 914
914 922 921
923 921 914
921 923 914
914 923 921
924 923 922
923 924 922
922 924 923
925 924 365
924 925 365
365 925 924
926 924 365
924 926 365
365 926 924
927 926 925
926 927 925
925 927 926
928 927 913
927 928 913
913 928 927
929 927 913
927 929 913
913 929 927
930 929 928
929 930 928
928 930 929
931 721 720
721 931 720
720 931 721
932 931 930
931 932 930
930 932 931
933 931 930
931 933 930
930 933 931
934 933 932
933 934 932
932 934 933
935 934 896
934 935 896
896 935 934
936 934 896
934 936 896
896 936 934
937 936 935
936 937 935
935 937 936
938 937 840
937 938 840
840 938 937
939 937 840
937 939 840
840 939 937
940 939 938
939 940 938
938 940 939
941 344 77
344 941 77
77 941 344
942 344 77
344 942 77
77 942 344
943 942 941
942 943 941
941 943 942
944 943 940
943 944 940
940 944 943
945 943 940
943 945 940
940 945 943
946 945 944
945 946 944
944 946 945
947 946 835
946 947 835
835 947 946
948 946 835
946 948 835
835 948 946
949 948 947
948 949 947
947 949 948
950 949 830
949 950 830
830 950 949
951 949 830
949 951 830
830 951 949
952 951 950
951 952 950
950 952 951
953 952 747
952 953 747
747 953 952
954 952 747
952 954 747
747 954 952
955 954 953
954 955 953
953 955 954
956 949 830
949 956 830
830 956 949
957 830 747
830 957 747
747 957 830
958 949 747
949 958 747
747 958 949
959 958 957
958 959 957
957 959 958
960 959 956
959 960 956
956 960 959
961 813 812
813 961 812
812 961 813
962 812 752
812 962 752
752 962 812
963 813 752
813 963 752
752 963 813
964 963 962
963 964 962
962 964 963
965 964 961
964 965 961
961 965 964
966 806 805
806 966 805
805 966 806
967 805 757
805 967 757
757 967 805
968 806 757
806 968 757
757 968 806
969 968 967
968 969 967
967 969 968
970 969 966
969 970 966
966 970 969
971 788 787
788 971 787
787 971 788
972 787 762
787 972 762
762 972 787
973 788 762
788 973 762
762 973 788
974 973 972
973 974 972
972 974 973
975 974 971
974 975 971
971 975 974
976 781 780
781 976 780
780 976 781
977 780 767
780 977 767
767 977 780
978 781 767
781 978 767
767 978 781
979 978 977
978 979 977
977 979 978
980 979 976
979 980 976
976 980 979
981 773 772
773 981 772
772 981 773
982 774 772
774 982 772
772 982 774
983 774 773
774 983 773
773 983 774
984 983 982
983 984 982
982 984 983
985 984 981
984 985 981
981 985 984
986 985 781
985 986 781
781 986 985
987 985 781
985 987 781
781 987 985
988 987 986
987 988 986
986 988 987
989 988 980
988 989 980
980 989 988
990 988 980
988 990 980
980 990 988
991 990 989
990 991 989
989 991 990
992 991 788
991 992 788
788 992 991
993 991 788
991 993 788
788 993 991
994 993 992
993 994 992
992 994 993
995 994 975
994 995 975
975 995 994
996 994 975
994 996 975
975 996 994
997 996 995
996 997 995
995 997 996
998 794 430
794 998 430
430 998 794
999 799 794
799 999 794
794 999 799
1000 799 430
799 1000 430
430 1000 799
1001 1000 999
1000 1001 999
999 1001 1000
1002 1001 998
1001 1002 998
998 1002 1001
1003 1002 595
1002 1003 595
595 1003 1002
1004 1002 595
1002 1004 595
595 1004 1002
1005 1004 1003
1004 1005 1003
1003 1005 1004
1006 1005 997
1005 1006 997
997 1006 1005
1007 1005 997
1005 1007 997
997 1007 1005
1008 1007 1006
1007 1008 1006
1006 1008 1007
1009 1008 806
1008 1009 806
806 1009 1008
1010 1008 806
1008 1010 806
806 1010 1008
1011 1010 1009
1010 1011 1009
1009 1011 1010
1012 1011 970
1011 1012 970
970 1012 1011
1013 1011 970
1011 1013 970
970 1013 1011
1014 1013 1012
1013 1014 1012
1012 1014 1013
1015 1014 813
1014 1015 813
813 1015 1014
1016 1014 813
1014 1016 813
813 1016 1014
1017 1016 1015
1016 1017 1015
1015 1017 1016
1018 1017 965
1017 1018 965
965 1018 1017
1019 1017 965
1017 1019 965
965 1019 1017
1020 1019 1018
1019 1020 1018
1018 1020 1019
1021 819 333
819 1021 333
333 1021 819
1022 824 819
824 1022 819
819 1022 824
1023 824 333
824 1023 333
333 1023 824
1024 1023 1022
1023 1024 1022
1022 1024 1023
1025 1024 1021
1024 1025 1021
1021 1025 1024
1026 1025 474
1025 1026 474
474 1026 1025
1027 1025 474
1025 1027 474
474 1027 1025
1028 1027 1026
1027 1028 1026
1026 1028 1027
1029 1028 1020
1028 1029 1020
1020 1029 1028
1030 1028 1020
1028 1030 1020
1020 1030 1028
1031 1030 1029
1030 1031 1029
1029 1031 1030
1032 943 940
943 1032 940
940 1032 943
1033 940 835
940 1033 835
835 1033 940
1034 943 835
943 1034 835
835 1034 943
1035 1034 1033
1034 1035 1033
1033 1035 1034
1036 1035 1032
1035 1036 1032
1032 1036 1035
1037 934 896
934 1037 896
896 1037 934
1038 896 840
896 1038 840
840 1038 896
1039 934 840
934 1039 840
840 1039 934
1040 1039 1038
1039 1040 1038
1038 1040 1039
1041 1040 1037
1040 1041 1037
1037 1041 1040
1042 893 857
893 1042 857
857 1042 893
1043 851 841
851 1043 841
841 1043 851
1044 846 841
846 1044 841
841 1044 846
1045 851 846
851 1045 846
846 1045 851
1046 1045 1044
1045 1046 1044
1044 1046 1045
1047 1046 1043
1046 1047 1043
1043 1047 1046
1048 697 684
697 1048 684
684 1048 697
1049 848 847
848 1049 847
847 1049 848
1050 1049 1048
1049 1050 1048
1048 1050 1049
1051 1049 1048
1049 1051 1048
1048 1051 1049
1052 1051 1050
1051 1052 1050
1050 1052 1051
1053 1052 1047
1052 1053 1047
1047 1053 1052
1054 1052 1047
1052 1054 1047
1047 1054 1052
1055 1054 1053
1054 1055 1053
1053 1055 1054
1056 10 4
10 1056 4
4 1056 10
1057 862 10
862 1057 10
10 1057 862
1058 862 4
862 1058 4
4 1058 862
1059 1058 1057
1058 1059 1057
1057 1059 1058
1060 1059 1056
1059 1060 1056
1056 1060 1059
1061 11 5
11 1061 5
5 1061 11
1062 11 5
11 1062 5
5 1062 11
1063 1062 1061
1062 1063 1061
1061 1063 1062
1064 1063 1060
1063 1064 1060
1060 1064 1063
1065 1063 1060
1063 1065 1060
1060 1065 1063
1066 1065 1064
1065 1066 1064
1064 1066 1065
1067 1066 512
1066 1067 512
512 1067 1066
1068 1066 512
1066 1068 512
512 1068 1066
1069 1068 1067
1068 1069 1067
1067 1069 1068
1070 868 368
868 1070 368
368 1070 868
1071 1070 1069
1070 1071 1069
1069 1071 1070
1072 1070 1069
1070 1072 1069
1069 1072 1070
1073 1072 1071
1072 1073 1071
1071 1073 1072
1074 1073 886
1073 1074 886
886 1074 1073
1075 22 16
22 1075 16
16 1075 22
1076 873 22
873 1076 22
22 1076 873
1077 873 16
873 1077 16
16 1077 873
1078 1077 1076
1077 1078 1076
1076 1078 1077
1079 1078 1075
1078 1079 1075
1075 1079 1078
1080 23 17
23 1080 17
17 1080 23
1081 23 17
23 1081 17
17 1081 23
1082 1081 1080
1081 1082 1080
1080 1082 1081
1083 1082 1079
1082 1083 1079
1079 1083 1082
1084 1082 1079
1082 1084 1079
1079 1084 1082
1085 1084 1083
1084 1085 1083
1083 1085 1084
1086 1085 520
1085 1086 520
520 1086 1085
1087 1085 520
1085 1087 520
520 1087 1085
1088 1087 1086
1087 1088 1086
1086 1088 1087
1089 879 371
879 1089 371
371 1089 879
1090 1089 1088
1089 1090 1088
1088 1090 1089
1091 1089 1088
1089 1091 1088
1088 1091 1089
1092 1091 1090
1091 1092 1090
1090 1092 1091
1093 1092 883
1092 1093 883
883 1093 1092
1094 1093 1074
1093 1094 1074
1074 1094 1093
1095 1093 1074
1093 1095 1074
1074 1095 1093
1096 1095 1094
1095 1096 1094
1094 1096 1095
1097 1066 879
1066 1097 879
879 1097 1066
1098 1085 868
1085 1098 868
868 1098 1085
1099 1098 1097
1098 1099 1097
1097 1099 1098
1100 1098 1097
1098 1100 1097
1097 1100 1098
1101 1100 1099
1100 1101 1099
1099 1101 1100
1102 1101 880
1101 1102 880
880 1102 1101
1103 1101 880
1101 1103 880
880 1103 1101
1104 1103 1102
1103 1104 1102
1102 1104 1103
1105 1104 1096
1104 1105 1096
1096 1105 1104
1106 1104 1096
1104 1106 1096
1096 1106 1104
1107 1106 1105
1106 1107 1105
1105 1107 1106
1108 887 880
887 1108 880
880 1108 887
1109 1108 1107
1108 1109 1107
1107 1109 1108
1110 1108 1107
1108 1110 1107
1107 1110 1108
1111 1110 1109
1110 1111 1109
1109 1111 1110
1112 524 372
524 1112 372
372 1112 524
1113 524 372
524 1113 372
372 1113 524
1114 1113 1112
1113 1114 1112
1112 1114 1113
1115 1114 1111
1114 1115 1111
1111 1115 1114
1116 1114 1111
1114 1116 1111
1111 1116 1114
1117 1116 1115
1116 1117 1115
1115 1117 1116
1118 890 372
890 1118 372
372 1118 890
1119 1118 1117
1118 1119 1117
1117 1119 1118
1120 1118 1117
1118 1120 1117
1117 1120 1118
1121 1120 1119
1120 1121 1119
1119 1121 1120
1122 1121 1055
1121 1122 1055
1055 1122 1121
1123 1121 1055
1121 1123 1055
1055 1123 1121
1124 1123 1122
1123 1124 1122
1122 1124 1123
1125 1124 1042
1124 1125 1042
1042 1125 1124
1126 1124 1042
1124 1126 1042
1042 1126 1124
1127 1126 1125
1126 1127 1125
1125 1127 1126
1128 927 913
927 1128 913
913 1128 927
1129 907 897
907 1129 897
897 1129 907
1130 902 897
902 1130 897
897 1130 902
1131 907 902
907 1131 902
902 1131 907
1132 1131 1130
1131 1132 1130
1130 1132 1131
1133 1132 1129
1132 1133 1129
1129 1133 1132
1134 21 9
21 1134 9
9 1134 21
1135 904 903
904 1135 903
903 1135 904
1136 1135 1134
1135 1136 1134
1134 1136 1135
1137 1135 1134
1135 1137 1134
1134 1137 1135
1138 1137 1136
1137 1138 1136
1136 1138 1137
1139 1138 1133
1138 1139 1133
1133 1139 1138
1140 1138 1133
1138 1140 1133
1133 1140 1138
1141 1140 1139
1140 1141 1139
1139 1141 1140
1142 11 8
11 1142 8
8 1142 11
1143 11 8
11 1143 8
8 1143 11
1144 1143 1142
1143 1144 1142
1142 1144 1143
1145 10 7
10 1145 7
7 1145 10
1146 1145 1144
1145 1146 1144
1144 1146 1145
1147 1145 1144
1145 1147 1144
1144 1147 1145
1148 1147 1146
1147 1148 1146
1146 1148 1147
1149 1148 920
1148 1149 920
920 1149 1148
1150 23 20
23 1150 20
20 1150 23
1151 23 20
