25 13 2
13 25 2
2 25 13
26 14 1
14 26 1
1 26 14
27 26 25
26 27 25
25 27 26
28 13 3
13 28 3
3 28 13
29 14 2
14 29 2
2 29 14
30 15 1
15 30 1
1 30 15
31 30 29
30 31 29
29 31 30
32 30 29
30 32 29
29 32 30
33 32 31
32 33 31
31 33 32
34 33 28
33 34 28
28 34 33
35 33 28
33 35 28
28 35 33
36 35 34
35 36 34
34 36 35
37 36 27
36 37 27
27 37 36
38 36 27
36 38 27
27 38 36
39 38 37
38 39 37
37 39 38
40 36 27
36 40 27
27 40 36
41 13 4
13 41 4
4 41 13
42 14 3
14 42 3
3 42 14
43 15 2
15 43 2
2 43 15
44 43 42
43 44 42
42 44 43
45 43 42
43 45 42
42 45 43
46 45 44
45 46 44
44 46 45
47 46 41
46 47 41
41 47 46
48 46 41
46 48 41
41 48 46
49 48 47
48 49 47
47 49 48
50 16 1
16 50 1
1 50 16
51 29 28
29 51 28
28 51 29
52 30 28
30 52 28
28 52 30
53 30 29
30 53 29
29 53 30
54 53 52
53 54 52
52 54 53
55 54 51
54 55 51
51 55 54
56 55 50
55 56 50
50 56 55
57 55 50
55 57 50
50 57 55
58 57 56
57 58 56
56 58 57
59 58 49
58 59 49
49 59 58
60 58 49
58 60 49
49 60 58
61 60 59
60 61 59
59 61 60
62 61 40
61 62 40
40 62 61
63 61 40
61 63 40
40 63 61
64 63 62
63 64 62
62 64 63
65 61 40
61 65 40
40 65 61
66 55 49
55 66 49
49 66 55
67 50 49
50 67 49
49 67 50
68 55 50
55 68 50
50 68 55
69 68 67
68 69 67
67 69 68
70 69 66
69 70 66
66 70 69
71 13 5
13 71 5
5 71 13
72 14 4
14 72 4
4 72 14
73 15 3
15 73 3
3 73 15
74 73 72
73 74 72
72 74 73
75 73 72
73 75 72
72 75 73
76 75 74
75 76 74
74 76 75
77 76 71
76 77 71
71 77 76
78 76 71
76 78 71
71 78 76
79 78 77
78 79 77
77 79 78
80 42 41
42 80 41
41 80 42
81 43 41
43 81 41
41 81 43
82 43 42
43 82 42
42 82 43
83 82 81
82 83 81
81 83 82
84 83 80
83 84 80
80 84 83
85 16 2
16 85 2
2 85 16
86 17 1
17 86 1
1 86 17
87 86 85
86 87 85
85 87 86
88 86 85
86 88 85
85 88 86
89 88 87
88 89 87
87 89 88
90 89 84
89 90 84
84 90 89
91 89 84
89 91 84
84 91 89
92 91 90
91 92 90
90 92 91
93 92 79
92 93 79
79 93 92
94 92 79
92 94 79
79 94 92
95 94 93
94 95 93
93 95 94
96 95 70
95 96 70
70 96 95
97 95 70
95 97 70
70 97 95
98 97 96
97 98 96
96 98 97
99 98 65
98 99 65
65 99 98
100 98 65
98 100 65
65 100 98
101 100 99
100 101 99
99 101 100
102 98 65
98 102 65
65 102 98
103 95 70
95 103 70
70 103 95
104 13 6
13 104 6
6 104 13
105 14 5
14 105 5
5 105 14
106 15 4
15 106 4
4 106 15
107 106 105
106 107 105
105 107 106
108 106 105
106 108 105
105 108 106
109 108 107
108 109 107
107 109 108
110 109 104
109 110 104
104 110 109
111 109 104
109 111 104
104 111 109
112 111 110
111 112 110
110 112 111
113 72 71
72 113 71
71 113 72
114 73 71
73 114 71
71 114 73
115 73 72
73 115 72
72 115 73
116 115 114
115 116 114
114 116 115
117 116 113
116 117 113
113 117 116
118 16 3
16 118 3
3 118 16
119 17 2
17 119 2
2 119 17
120 18 1
18 120 1
1 120 18
121 120 119
120 121 119
119 121 120
122 120 119
120 122 119
119 122 120
123 122 121
122 123 121
121 123 122
124 123 118
123 124 118
118 124 123
125 123 118
123 125 118
118 125 123
126 125 124
125 126 124
124 126 125
127 126 117
126 127 117
117 127 126
128 126 117
126 128 117
117 128 126
129 128 127
128 129 127
127 129 128
130 129 112
129 130 112
112 130 129
131 129 112
129 131 112
112 131 129
132 131 130
131 132 130
130 132 131
133 86 85
86 133 85
85 133 86
134 84 79
84 134 79
79 134 84
135 89 79
89 135 79
79 135 89
136 89 84
89 136 84
84 136 89
137 136 135
136 137 135
135 137 136
138 137 134
137 138 134
134 138 137
139 138 133
138 139 133
133 139 138
140 138 133
138 140 133
133 140 138
141 140 139
140 141 139
139 141 140
142 141 132
141 142 132
132 142 141
143 141 132
141 143 132
132 143 141
144 143 142
143 144 142
142 144 143
145 144 103
144 145 103
103 145 144
146 144 103
144 146 103
103 146 144
147 146 145
146 147 145
145 147 146
148 147 102
147 148 102
102 148 147
149 147 102
147 149 102
102 149 147
150 149 148
149 150 148
148 150 149
151 147 102
147 151 102
102 151 147
152 144 103
144 152 103
103 152 144
153 138 132
138 153 132
132 153 138
154 133 132
133 154 132
132 154 133
155 138 133
138 155 133
133 155 138
156 155 154
155 156 154
154 156 155
157 156 153
156 157 153
153 157 156
158 13 7
13 158 7
7 158 13
159 14 6
14 159 6
6 159 14
160 15 5
15 160 5
5 160 15
161 160 159
160 161 159
159 161 160
162 160 159
160 162 159
159 162 160
163 162 161
162 163 161
161 163 162
164 163 158
163 164 158
158 164 163
165 163 158
163 165 158
158 165 163
166 165 164
165 166 164
164 166 165
167 105 104
105 167 104
104 167 105
168 106 104
106 168 104
104 168 106
169 106 105
106 169 105
105 169 106
170 169 168
169 170 168
168 170 169
171 170 167
170 171 167
167 171 170
172 16 4
16 172 4
4 172 16
173 17 3
17 173 3
3 173 17
174 18 2
18 174 2
2 174 18
175 174 173
174 175 173
173 175 174
176 174 173
174 176 173
173 176 174
177 176 175
176 177 175
175 177 176
178 177 172
177 178 172
172 178 177
179 177 172
177 179 172
172 179 177
180 179 178
179 180 178
178 180 179
181 180 171
180 181 171
171 181 180
182 180 171
180 182 171
171 182 180
183 182 181
182 183 181
181 183 182
184 183 166
183 184 166
166 184 183
185 183 166
183 185 166
166 185 183
186 185 184
185 186 184
184 186 185
187 117 112
117 187 112
112 187 117
188 126 112
126 188 112
112 188 126
189 126 117
126 189 117
117 189 126
190 189 188
189 190 188
188 190 189
191 190 187
190 191 187
187 191 190
192 19 1
19 192 1
1 192 19
193 119 118
119 193 118
118 193 119
194 120 118
120 194 118
118 194 120
195 120 119
120 195 119
119 195 120
196 195 194
195 196 194
194 196 195
197 196 193
196 197 193
193 197 196
198 197 192
197 198 192
192 198 197
199 197 192
197 199 192
192 199 197
200 199 198
199 200 198
198 200 199
201 200 191
200 201 191
191 201 200
202 200 191
200 202 191
191 202 200
203 202 201
202 203 201
201 203 202
204 203 186
203 204 186
186 204 203
205 203 186
203 205 186
186 205 203
206 205 204
205 206 204
204 206 205
207 206 157
206 207 157
157 207 206
208 206 157
206 208 157
157 208 206
209 208 207
208 209 207
207 209 208
210 209 152
209 210 152
152 210 209
211 209 152
209 211 152
152 211 209
212 211 210
211 212 210
210 212 211
213 212 151
212 213 151
151 213 212
214 212 151
212 214 151
151 214 212
215 214 213
214 215 213
213 215 214
216 212 151
212 216 151
151 216 212
217 209 152
209 217 152
152 217 209
218 206 157
206 218 157
157 218 206
219 13 8
13 219 8
8 219 13
220 14 7
14 220 7
7 220 14
221 15 6
15 221 6
6 221 15
222 221 220
221 222 220
220 222 221
223 221 220
221 223 220
220 223 221
224 223 222
223 224 222
222 224 223
225 224 219
224 225 219
219 225 224
226 224 219
224 226 219
219 226 224
227 226 225
226 227 225
225 227 226
228 159 158
159 228 158
158 228 159
229 160 158
160 229 158
158 229 160
230 160 159
160 230 159
159 230 160
231 230 229
230 231 229
229 231 230
232 231 228
231 232 228
228 232 231
233 16 5
16 233 5
5 233 16
234 17 4
17 234 4
4 234 17
235 18 3
18 235 3
3 235 18
236 235 234
235 236 234
234 236 235
237 235 234
235 237 234
234 237 235
238 237 236
237 238 236
236 238 237
239 238 233
238 239 233
233 239 238
240 238 233
238 240 233
233 240 238
241 240 239
240 241 239
239 241 240
242 241 232
241 242 232
232 242 241
243 241 232
241 243 232
232 243 241
244 243 242
243 244 242
242 244 243
245 244 227
244 245 227
227 245 244
246 244 227
244 246 227
227 246 244
247 246 245
246 247 245
245 247 246
248 171 166
171 248 166
166 248 171
249 180 166
180 249 166
166 249 180
250 180 171
180 250 171
171 250 180
251 250 249
250 251 249
249 251 250
252 251 248
251 252 248
248 252 251
253 173 172
173 253 172
172 253 173
254 174 172
174 254 172
172 254 174
255 174 173
174 255 173
173 255 174
256 255 254
255 256 254
254 256 255
257 256 253
256 257 253
253 257 256
258 19 2
19 258 2
2 258 19
259 20 1
20 259 1
1 259 20
260 259 258
259 260 258
258 260 259
261 259 258
259 261 258
258 261 259
262 261 260
261 262 260
260 262 261
263 262 257
262 263 257
257 263 262
264 262 257
262 264 257
257 264 262
265 264 263
264 265 263
263 265 264
266 265 252
265 266 252
252 266 265
267 265 252
265 267 252
252 267 265
268 267 266
267 268 266
266 268 267
269 268 247
268 269 247
247 269 268
270 268 247
268 270 247
247 270 268
271 270 269
270 271 269
269 271 270
272 197 192
197 272 192
192 272 197
273 191 186
191 273 186
186 273 191
274 200 186
200 274 186
186 274 200
275 200 191
200 275 191
191 275 200
276 275 274
275 276 274
274 276 275
277 276 273
276 277 273
273 277 276
278 277 272
277 278 272
272 278 277
279 277 272
277 279 272
272 279 277
280 279 278
279 280 278
278 280 279
281 280 271
280 281 271
271 281 280
282 280 271
280 282 271
271 282 280
283 282 281
282 283 281
281 283 282
284 283 218
283 284 218
218 284 283
285 283 218
283 285 218
218 285 283
286 285 284
285 286 284
284 286 285
287 286 217
286 287 217
217 287 286
288 286 217
286 288 217
217 288 286
289 288 287
288 289 287
287 289 288
290 289 216
289 290 216
216 290 289
291 289 216
289 291 216
216 291 289
292 291 290
291 292 290
290 292 291
293 286 216
286 293 216
216 293 286
294 217 216
217 294 216
216 294 217
295 286 217
286 295 217
217 295 286
296 295 294
295 296 294
294 296 295
297 296 293
296 297 293
293 297 296
298 283 218
283 298 218
218 298 283
299 277 271
277 299 271
271 299 277
300 272 271
272 300 271
271 300 272
301 277 272
277 301 272
272 301 277
302 301 300
301 302 300
300 302 301
303 302 299
302 303 299
299 303 302
304 13 9
13 304 9
9 304 13
305 14 8
14 305 8
8 305 14
306 15 7
15 306 7
7 306 15
307 306 305
306 307 305
305 307 306
308 306 305
306 308 305
305 308 306
309 308 307
308 309 307
307 309 308
310 309 304
309 310 304
304 310 309
311 309 304
309 311 304
304 311 309
312 311 310
311 312 310
310 312 311
313 220 219
220 313 219
219 313 220
314 221 219
221 314 219
219 314 221
315 221 220
221 315 220
220 315 221
316 315 314
315 316 314
314 316 315
317 316 313
316 317 313
313 317 316
318 16 6
16 318 6
6 318 16
319 17 5
17 319 5
5 319 17
320 18 4
18 320 4
4 320 18
321 320 319
320 321 319
319 321 320
322 320 319
320 322 319
319 322 320
323 322 321
322 323 321
321 323 322
324 323 318
323 324 318
318 324 323
325 323 318
323 325 318
318 325 323
326 325 324
325 326 324
324 326 325
327 326 317
326 327 317
317 327 326
328 326 317
326 328 317
317 328 326
329 328 327
328 329 327
327 329 328
330 329 312
329 330 312
312 330 329
331 329 312
329 331 312
312 331 329
332 331 330
331 332 330
330 332 331
333 232 227
232 333 227
227 333 232
334 241 227
241 334 227
227 334 241
335 241 232
241 335 232
232 335 241
336 335 334
335 336 334
334 336 335
337 336 333
336 337 333
333 337 336
338 234 233
234 338 233
233 338 234
339 235 233
235 339 233
233 339 235
340 235 234
235 340 234
234 340 235
341 340 339
340 341 339
339 341 340
342 341 338
341 342 338
338 342 341
343 259 258
259 343 258
258 343 259
344 19 3
19 344 3
3 344 19
345 20 2
20 345 2
2 345 20
346 21 1
21 346 1
1 346 21
347 346 345
346 347 345
345 347 346
348 346 345
346 348 345
345 348 346
349 348 347
348 349 347
347 349 348
350 349 344
349 350 344
344 350 349
351 349 344
349 351 344
344 351 349
352 351 350
351 352 350
350 352 351
353 352 343
352 353 343
343 353 352
354 352 343
352 354 343
343 354 352
355 354 353
354 355 353
353 355 354
356 355 342
355 356 342
342 356 355
357 355 342
355 357 342
342 357 355
358 357 356
357 358 356
356 358 357
359 358 337
358 359 337
337 359 358
360 358 337
358 360 337
337 360 358
361 360 359
360 361 359
359 361 360
362 361 332
361 362 332
332 362 361
363 361 332
361 363 332
332 363 361
364 363 362
363 364 362
362 364 363
365 262 257
262 365 257
257 365 262
366 252 247
252 366 247
247 366 252
367 265 247
265 367 247
247 367 265
368 265 252
265 368 252
252 368 265
369 368 367
368 369 367
367 369 368
370 369 366
369 370 366
366 370 369
371 370 365
370 371 365
365 371 370
372 370 365
370 372 365
365 372 370
373 372 371
372 373 371
371 373 372
374 373 364
373 374 364
364 374 373
375 373 364
373 375 364
364 375 373
376 375 374
375 376 374
374 376 375
377 376 303
376 377 303
303 377 376
378 376 303
376 378 303
303 378 376
379 378 377
378 379 377
377 379 378
380 379 298
379 380 298
298 380 379
381 379 298
379 381 298
298 381 379
382 381 380
381 382 380
380 382 381
383 382 297
382 383 297
297 383 382
384 382 297
382 384 297
297 384 382
385 384 383
384 385 383
383 385 384
386 379 297
379 386 297
297 386 379
387 298 297
298 387 297
297 387 298
388 379 298
379 388 298
298 388 379
389 388 387
388 389 387
387 389 388
390 389 386
389 390 386
386 390 389
391 376 303
376 391 303
303 391 376
392 370 364
370 392 364
364 392 370
393 365 364
365 393 364
364 393 365
394 370 365
370 394 365
365 394 370
395 394 393
394 395 393
393 395 394
396 395 392
395 396 392
392 396 395
397 13 10
13 397 10
10 397 13
398 14 9
14 398 9
9 398 14
399 15 8
15 399 8
8 399 15
400 399 398
399 400 398
398 400 399
401 399 398
399 401 398
398 401 399
402 401 400
401 402 400
400 402 401
403 402 397
402 403 397
397 403 402
404 402 397
402 404 397
397 404 402
405 404 403
404 405 403
403 405 404
406 305 304
305 406 304
304 406 305
407 306 304
306 407 304
304 407 306
408 306 305
306 408 305
305 408 306
409 408 407
408 409 407
407 409 408
410 409 406
409 410 406
406 410 409
411 16 7
16 411 7
7 411 16
412 17 6
17 412 6
6 412 17
413 18 5
18 413 5
5 413 18
414 413 412
413 414 412
412 414 413
415 413 412
413 415 412
412 415 413
416 415 414
415 416 414
414 416 415
417 416 411
416 417 411
411 417 416
418 416 411
416 418 411
411 418 416
419 418 417
418 419 417
417 419 418
420 419 410
419 420 410
410 420 419
421 419 410
419 421 410
410 421 419
422 421 420
421 422 420
420 422 421
423 422 405
422 423 405
405 423 422
424 422 405
422 424 405
405 424 422
425 424 423
424 425 423
423 425 424
426 317 312
317 426 312
312 426 317
427 326 312
326 427 312
312 427 326
428 326 317
326 428 317
317 428 326
429 428 427
428 429 427
427 429 428
430 429 426
429 430 426
426 430 429
431 319 318
319 431 318
318 431 319
432 320 318
320 432 318
318 432 320
433 320 319
320 433 319
319 433 320
434 433 432
433 434 432
432 434 433
435 434 431
434 435 431
431 435 434
436 345 344
345 436 344
344 436 345
437 346 344
346 437 344
344 437 346
438 346 345
346 438 345
345 438 346
439 438 437
438 439 437
437 439 438
440 439 436
439 440 436
436 440 439
441 19 4
19 441 4
4 441 19
442 20 3
20 442 3
3 442 20
443 21 2
21 443 2
2 443 21
444 443 442
443 444 442
442 444 443
445 443 442
443 445 442
442 445 443
446 445 444
445 446 444
444 446 445
447 446 441
446 447 441
441 447 446
448 446 441
446 448 441
441 448 446
449 448 447
448 449 447
447 449 448
450 449 440
449 450 440
440 450 449
451 449 440
449 451 440
440 451 449
452 451 450
451 452 450
450 452 451
453 452 435
452 453 435
435 453 452
454 452 435
452 454 435
435 454 452
455 454 453
454 455 453
453 455 454
456 455 430
455 456 430
430 456 455
457 455 430
455 457 430
430 457 455
458 457 456
457 458 456
456 458 457
459 458 425
458 459 425
425 459 458
460 458 425
458 460 425
425 460 458
461 460 459
460 461 459
459 461 460
462 337 332
337 462 332
332 462 337
463 358 332
358 463 332
332 463 358
464 358 337
358 464 337
337 464 358
465 464 463
464 465 463
463 465 464
466 465 462
465 466 462
462 466 465
467 22 1
22 467 1
1 467 22
468 352 342
352 468 342
342 468 352
469 343 342
343 469 342
342 469 343
470 352 343
352 470 343
343 470 352
471 470 469
470 471 469
469 471 470
472 471 468
471 472 468
468 472 471
473 472 467
472 473 467
467 473 472
474 472 467
472 474 467
467 474 472
475 474 473
474 475 473
473 475 474
476 475 466
475 476 466
466 476 475
477 475 466
475 477 466
466 477 475
478 477 476
477 478 476
476 478 477
479 478 461
478 479 461
461 479 478
480 478 461
478 480 461
461 480 478
481 480 479
480 481 479
479 481 480
482 481 396
481 482 396
396 482 481
483 481 396
481 483 396
396 483 481
484 483 482
483 484 482
482 484 483
485 484 391
484 485 391
391 485 484
486 484 391
484 486 391
391 486 484
487 486 485
486 487 485
485 487 486
488 487 390
487 488 390
390 488 487
489 487 390
487 489 390
390 489 487
490 489 488
489 490 488
488 490 489
491 484 390
484 491 390
390 491 484
492 391 390
391 492 390
390 492 391
493 484 391
484 493 391
391 493 484
494 493 492
493 494 492
492 494 493
495 494 491
494 495 491
491 495 494
496 481 396
481 496 396
396 496 481
497 13 11
13 497 11
11 497 13
498 14 10
14 498 10
10 498 14
499 15 9
15 499 9
9 499 15
500 499 498
499 500 498
498 500 499
501 499 498
499 501 498
498 501 499
502 501 500
501 502 500
500 502 501
503 502 497
502 503 497
497 503 502
504 502 497
502 504 497
497 504 502
505 504 503
504 505 503
503 505 504
506 398 397
398 506 397
397 506 398
507 399 397
399 507 397
397 507 399
508 399 398
399 508 398
398 508 399
509 508 507
508 509 507
507 509 508
510 509 506
509 510 506
506 510 509
511 16 8
16 511 8
8 511 16
512 17 7
17 512 7
7 512 17
513 18 6
18 513 6
6 513 18
514 513 512
513 514 512
512 514 513
515 513 512
513 515 512
512 515 513
516 515 514
515 516 514
514 516 515
517 516 511
516 517 511
511 517 516
518 516 511
516 518 511
511 518 516
519 518 517
518 519 517
517 519 518
520 519 510
519 520 510
510 520 519
521 519 510
519 521 510
510 521 519
522 521 520
521 522 520
520 522 521
523 522 505
522 523 505
505 523 522
524 522 505
522 524 505
505 524 522
525 524 523
524 525 523
523 525 524
526 410 405
410 526 405
405 526 410
527 419 405
419 527 405
405 527 419
528 419 410
419 528 410
410 528 419
529 528 527
528 529 527
527 529 528
530 529 526
529 530 526
526 530 529
531 412 411
412 531 411
411 531 412
532 413 411
413 532 411
411 532 413
533 413 412
413 533 412
412 533 413
534 533 532
533 534 532
532 534 533
535 534 531
534 535 531
531 535 534
536 442 441
442 536 441
441 536 442
537 443 441
443 537 441
441 537 443
538 443 442
443 538 442
442 538 443
539 538 537
538 539 537
537 539 538
540 539 536
539 540 536
536 540 539
541 19 5
19 541 5
5 541 19
542 20 4
20 542 4
4 542 20
543 21 3
21 543 3
3 543 21
544 543 542
543 544 542
542 544 543
545 543 542
543 545 542
542 545 543
546 545 544
545 546 544
544 546 545
547 546 541
546 547 541
541 547 546
548 546 541
546 548 541
541 548 546
549 548 547
548 549 547
547 549 548
550 549 540
549 550 540
540 550 549
551 549 540
549 551 540
540 551 549
552 551 550
551 552 550
550 552 551
553 552 535
552 553 535
535 553 552
554 552 535
552 554 535
535 554 552
555 554 553
554 555 553
553 555 554
556 555 530
555 556 530
530 556 555
557 555 530
555 557 530
530 557 555
558 557 556
557 558 556
556 558 557
559 558 525
558 559 525
525 559 558
560 558 525
558 560 525
525 560 558
561 560 559
560 561 559
559 561 560
562 430 425
430 562 425
425 562 430
563 455 425
455 563 425
425 563 455
564 455 430
455 564 430
430 564 455
565 564 563
564 565 563
563 565 564
566 565 562
565 566 562
562 566 565
567 22 2
22 567 2
2 567 22
568 23 1
23 568 1
1 568 23
569 568 567
568 569 567
567 569 568
570 568 567
568 570 567
567 570 568
571 570 569
570 571 569
569 571 570
572 449 435
449 572 435
435 572 449
573 440 435
440 573 435
435 573 440
574 449 440
449 574 440
440 574 449
575 574 573
574 575 573
573 575 574
576 575 572
575 576 572
572 576 575
577 576 571
576 577 571
571 577 576
578 576 571
576 578 571
571 578 576
579 578 577
578 579 577
577 579 578
580 579 566
579 580 566
566 580 579
581 579 566
579 581 566
566 581 579
582 581 580
581 582 580
580 582 581
583 582 561
582 583 561
561 583 582
584 582 561
582 584 561
561 584 582
585 584 583
584 585 583
583 585 584
586 472 467
472 586 467
467 586 472
587 466 461
466 587 461
461 587 466
588 475 461
475 588 461
461 588 475
589 475 466
475 589 466
466 589 475
590 589 588
589 590 588
588 590 589
591 590 587
590 591 587
587 591 590
592 591 586
591 592 586
586 592 591
593 591 586
591 593 586
586 593 591
594 593 592
593 594 592
592 594 593
595 594 585
594 595 585
585 595 594
596 594 585
594 596 585
585 596 594
597 596 595
596 597 595
595 597 596
598 597 496
597 598 496
496 598 597
599 597 496
597 599 496
496 599 597
600 599 598
599 600 598
598 600 599
601 600 495
600 601 495
495 601 600
602 600 495
600 602 495
495 602 600
603 602 601
602 603 601
601 603 602
604 597 495
597 604 495
495 604 597
605 496 495
496 605 495
495 605 496
606 597 496
597 606 496
496 606 597
607 606 605
606 607 605
605 607 606
608 607 604
607 608 604
604 608 607
609 591 585
591 609 585
585 609 591
610 586 585
586 610 585
585 610 586
611 591 586
591 611 586
586 611 591
612 611 610
611 612 610
610 612 611
613 612 609
612 613 609
609 613 612
614 13 12
13 614 12
12 614 13
615 14 11
14 615 11
11 615 14
616 15 10
15 616 10
10 616 15
617 616 615
616 617 615
615 617 616
618 616 615
616 618 615
615 618 616
619 618 617
618 619 617
617 619 618
620 619 614
619 620 614
614 620 619
621 619 614
619 621 614
614 621 619
622 621 620
621 622 620
620 622 621
623 498 497
498 623 497
497 623 498
624 499 497
499 624 497
497 624 499
625 499 498
499 625 498
498 625 499
626 625 624
625 626 624
624 626 625
627 626 623
626 627 623
623 627 626
628 16 9
16 628 9
9 628 16
629 17 8
17 629 8
8 629 17
630 18 7
18 630 7
7 630 18
631 630 629
630 631 629
629 631 630
632 630 629
630 632 629
629 632 630
633 632 631
632 633 631
631 633 632
634 633 628
633 634 628
628 634 633
635 633 628
633 635 628
628 635 633
636 635 634
635 636 634
634 636 635
637 636 627
636 637 627
627 637 636
638 636 627
636 638 627
627 638 636
639 638 637
638 639 637
637 639 638
640 639 622
639 640 622
622 640 639
641 639 622
639 641 622
622 641 639
642 641 640
641 642 640
640 642 641
643 510 505
510 643 505
505 643 510
644 519 505
519 644 505
505 644 519
645 519 510
519 645 510
510 645 519
646 645 644
645 646 644
644 646 645
647 646 643
646 647 643
643 647 646
648 512 511
512 648 511
511 648 512
649 513 511
513 649 511
511 649 513
650 513 512
513 650 512
512 650 513
651 650 649
650 651 649
649 651 650
652 651 648
651 652 648
648 652 651
653 542 541
542 653 541
541 653 542
654 543 541
543 654 541
541 654 543
655 543 542
543 655 542
542 655 543
656 655 654
655 656 654
654 656 655
657 656 653
656 657 653
653 657 656
658 19 6
19 658 6
6 658 19
659 20 5
20 659 5
5 659 20
660 21 4
21 660 4
4 660 21
661 660 659
660 661 659
659 661 660
662 660 659
660 662 659
659 662 660
663 662 661
662 663 661
661 663 662
664 663 658
663 664 658
658 664 663
665 663 658
663 665 658
658 665 663
666 665 664
665 666 664
664 666 665
667 666 657
666 667 657
657 667 666
668 666 657
666 668 657
657 668 666
669 668 667
668 669 667
667 669 668
670 669 652
669 670 652
652 670 669
671 669 652
669 671 652
652 671 669
672 671 670
671 672 670
670 672 671
673 672 647
672 673 647
647 673 672
674 672 647
672 674 647
647 674 672
675 674 673
674 675 673
673 675 674
676 675 642
675 676 642
642 676 675
677 675 642
675 677 642
642 677 675
678 677 676
677 678 676
676 678 677
679 530 525
530 679 525
525 679 530
680 555 525
555 680 525
525 680 555
681 555 530
555 681 530
530 681 555
682 681 680
681 682 680
680 682 681
683 682 679
682 683 679
679 683 682
684 549 535
549 684 535
535 684 549
685 540 535
540 685 535
535 685 540
686 549 540
549 686 540
540 686 549
687 686 685
686 687 685
685 687 686
688 687 684
687 688 684
684 688 687
689 568 567
568 689 567
567 689 568
690 22 3
22 690 3
3 690 22
691 23 2
23 691 2
2 691 23
692 24 1
24 692 1
1 692 24
693 692 691
692 693 691
691 693 692
694 692 691
692 694 691
691 694 692
695 694 693
694 695 693
693 695 694
696 695 690
695 696 690
690 696 695
697 695 690
695 697 690
690 697 695
698 697 696
697 698 696
696 698 697
699 698 689
698 699 689
689 699 698
700 698 689
698 700 689
689 700 698
701 700 699
700 701 699
699 701 700
702 701 688
701 702 688
688 702 701
703 701 688
701 703 688
688 703 701
704 703 702
703 704 702
702 704 703
705 704 683
704 705 683
683 705 704
706 704 683
704 706 683
683 706 704
707 706 705
706 707 705
705 707 706
708 707 678
707 708 678
678 708 707
709 707 678
707 709 678
678 709 707
710 709 708
709 710 708
708 710 709
711 576 571
576 711 571
571 711 576
712 566 561
566 712 561
561 712 566
713 579 561
579 713 561
561 713 579
714 579 566
579 714 566
566 714 579
715 714 713
714 715 713
713 715 714
716 715 712
715 716 712
712 716 715
717 716 711
716 717 711
711 717 716
718 716 711
716 718 711
711 718 716
719 718 717
718 719 717
717 719 718
720 719 710
719 720 710
710 720 719
721 719 710
719 721 710
710 721 719
722 721 720
721 722 720
720 722 721
723 722 613
722 723 613
613 723 722
724 722 613
722 724 613
613 724 722
725 724 723
724 725 723
723 725 724
726 725 608
725 726 608
608 726 725
727 725 608
725 727 608
608 727 725
728 727 726
727 728 726
726 728 727
729 722 608
722 729 608
608 729 722
730 613 608
613 730 608
608 730 613
731 722 613
722 731 613
613 731 722
732 731 730
731 732 730
730 732 731
733 732 729
732 733 729
729 733 732
734 716 710
716 734 710
710 734 716
735 711 710
711 735 710
710 735 711
736 716 711
716 736 711
711 736 716
737 736 735
736 737 735
735 737 736
738 737 734
737 738 734
734 738 737
739 14 12
14 739 12
12 739 14
740 15 11
15 740 11
11 740 15
741 740 739
740 741 739
739 741 740
742 740 739
740 742 739
739 742 740
743 742 741
742 743 741
741 743 742
744 615 614
615 744 614
614 744 615
745 616 614
616 745 614
614 745 616
746 616 615
616 746 615
615 746 616
747 746 745
746 747 745
745 747 746
748 747 744
747 748 744
744 748 747
749 16 10
16 749 10
10 749 16
750 17 9
17 750 9
9 750 17
751 18 8
18 751 8
8 751 18
752 751 750
751 752 750
750 752 751
753 751 750
751 753 750
750 753 751
754 753 752
753 754 752
752 754 753
755 754 749
754 755 749
749 755 754
756 754 749
754 756 749
749 756 754
757 756 755
756 757 755
755 757 756
758 757 748
757 758 748
748 758 757
759 757 748
757 759 748
748 759 757
760 759 758
759 760 758
758 760 759
761 760 743
760 761 743
743 761 760
762 760 743
760 762 743
743 762 760
763 762 761
762 763 761
761 763 762
764 627 622
627 764 622
622 764 627
765 636 622
636 765 622
622 765 636
766 636 627
636 766 627
627 766 636
767 766 765
766 767 765
765 767 766
768 767 764
767 768 764
764 768 767
769 629 628
629 769 628
628 769 629
770 630 628
630 770 628
628 770 630
771 630 629
630 771 629
629 771 630
772 771 770
771 772 770
770 772 771
773 772 769
772 773 769
769 773 772
774 659 658
659 774 658
658 774 659
775 660 658
660 775 658
658 775 660
776 660 659
660 776 659
659 776 660
777 776 775
776 777 775
775 777 776
778 777 774
777 778 774
774 778 777
779 19 7
19 779 7
7 779 19
780 20 6
20 780 6
6 780 20
781 21 5
21 781 5
5 781 21
782 781 780
781 782 780
780 782 781
783 781 780
781 783 780
780 783 781
784 783 782
783 784 782
782 784 783
785 784 779
784 785 779
779 785 784
786 784 779
784 786 779
779 786 784
787 786 785
786 787 785
785 787 786
788 787 778
787 788 778
778 788 787
789 787 778
787 789 778
778 789 787
790 789 788
789 790 788
788 790 789
791 790 773
790 791 773
773 791 790
792 790 773
790 792 773
773 792 790
793 792 791
792 793 791
791 793 792
794 793 768
793 794 768
768 794 793
795 793 768
793 795 768
768 795 793
796 795 794
795 796 794
794 796 795
797 796 763
796 797 763
763 797 796
798 796 763
796 798 763
763 798 796
799 798 797
798 799 797
797 799 798
800 647 642
647 800 642
642 800 647
801 672 642
672 801 642
642 801 672
802 672 647
672 802 647
647 802 672
803 802 801
802 803 801
801 803 802
804 803 800
803 804 800
800 804 803
805 666 652
666 805 652
652 805 666
806 657 652
657 806 652
652 806 657
807 666 657
666 807 657
657 807 666
808 807 806
807 808 806
806 808 807
809 808 805
808 809 805
805 809 808
810 691 690
691 810 690
690 810 691
811 692 690
692 811 690
690 811 692
812 692 691
692 812 691
691 812 692
813 812 811
812 813 811
811 813 812
814 813 810
813 814 810
810 814 813
815 22 4
22 815 4
4 815 22
816 23 3
23 816 3
3 816 23
817 24 2
24 817 2
2 817 24
818 817 816
817 818 816
816 818 817
819 817 816
817 819 816
816 819 817
820 819 818
819 820 818
818 820 819
821 820 815
820 821 815
815 821 820
822 820 815
820 822 815
815 822 820
823 822 821
822 823 821
821 823 822
824 823 814
823 824 814
814 824 823
825 823 814
823 825 814
814 825 823
826 825 824
825 826 824
824 826 825
827 826 809
826 827 809
809 827 826
828 826 809
826 828 809
809 828 826
829 828 827
828 829 827
827 829 828
830 829 804
829 830 804
804 830 829
831 829 804
829 831 804
804 831 829
832 831 830
831 832 830
830 832 831
833 832 799
832 833 799
799 833 832
834 832 799
832 834 799
799 834 832
835 834 833
834 835 833
833 835 834
836 689 688
689 836 688
688 836 689
837 698 688
698 837 688
688 837 698
838 698 689
698 838 689
689 838 698
839 838 837
838 839 837
837 839 838
840 839 836
839 840 836
836 840 839
841 683 678
683 841 678
678 841 683
842 704 678
704 842 678
678 842 704
843 704 683
704 843 683
683 843 704
844 843 842
843 844 842
842 844 843
845 844 841
844 845 841
841 845 844
846 845 840
845 846 840
840 846 845
847 845 840
845 847 840
840 847 845
848 847 846
847 848 846
846 848 847
849 848 835
848 849 835
835 849 848
850 848 835
848 850 835
835 850 848
851 850 849
850 851 849
849 851 850
852 851 738
851 852 738
738 852 851
853 851 738
851 853 738
738 853 851
854 853 852
853 854 852
852 854 853
855 854 733
854 855 733
733 855 854
856 854 733
854 856 733
733 856 854
857 856 855
856 857 855
855 857 856
858 851 733
851 858 733
733 858 851
859 738 733
738 859 733
733 859 738
860 851 738
851 860 738
738 860 851
861 860 859
860 861 859
859 861 860
862 861 858
861 862 858
858 862 861
863 845 835
845 863 835
835 863 845
864 840 835
840 864 835
835 864 840
865 845 840
845 865 840
840 865 845
866 865 864
865 866 864
864 866 865
867 866 863
866 867 863
863 867 866
868 15 12
15 868 12
12 868 15
869 740 739
740 869 739
739 869 740
870 16 11
16 870 11
11 870 16
871 17 10
17 871 10
10 871 17
872 18 9
18 872 9
9 872 18
873 872 871
872 873 871
871 873 872
874 872 871
872 874 871
871 874 872
875 874 873
874 875 873
873 875 874
876 875 870
875 876 870
870 876 875
877 875 870
875 877 870
870 877 875
878 877 876
877 878 876
876 878 877
879 878 869
878 879 869
869 879 878
880 878 869
878 880 869
869 880 878
881 880 879
880 881 879
879 881 880
882 881 868
881 882 868
868 882 881
883 881 868
881 883 868
868 883 881
884 883 882
883 884 882
882 884 883
885 748 743
748 885 743
743 885 748
886 757 743
757 886 743
743 886 757
887 757 748
757 887 748
748 887 757
888 887 886
887 888 886
886 888 887
889 888 885
888 889 885
885 889 888
890 750 749
750 890 749
749 890 750
891 751 749
751 891 749
749 891 751
892 751 750
751 892 750
750 892 751
893 892 891
892 893 891
891 893 892
894 893 890
893 894 890
890 894 893
895 780 779
780 895 779
779 895 780
896 781 779
781 896 779
779 896 781
897 781 780
781 897 780
780 897 781
898 897 896
897 898 896
896 898 897
899 898 895
898 899 895
895 899 898
900 19 8
19 900 8
8 900 19
901 20 7
20 901 7
7 901 20
902 21 6
21 902 6
6 902 21
903 902 901
902 903 901
901 903 902
904 902 901
902 904 901
901 904 902
905 904 903
904 905 903
903 905 904
906 905 900
905 906 900
900 906 905
907 905 900
905 907 900
900 907 905
908 907 906
907 908 906
906 908 907
909 908 899
908 909 899
899 909 908
910 908 899
908 910 899
899 910 908
911 910 909
910 911 909
909 911 910
912 911 894
911 912 894
894 912 911
913 911 894
911 913 894
894 913 911
914 913 912
913 914 912
912 914 913
915 914 889
914 915 889
889 915 914
916 914 889
914 916 889
889 916 914
917 916 915
916 917 915
915 917 916
918 917 884
917 918 884
884 918 917
919 917 884
917 919 884
884 919 917
920 919 918
919 920 918
918 920 919
921 768 763
768 921 763
763 921 768
922 793 763
793 922 763
763 922 793
923 793 768
793 923 768
768 923 793
924 923 922
923 924 922
922 924 923
925 924 921
924 925 921
921 925 924
926 787 773
787 926 773
773 926 787
927 778 773
778 927 773
773 927 778
928 787 778
787 928 778
778 928 787
929 928 927
928 929 927
927 929 928
930 929 926
929 930 926
926 930 929
931 816 815
816 931 815
815 931 816
932 817 815
817 932 815
815 932 817
933 817 816
817 933 816
816 933 817
934 933 932
933 934 932
932 934 933
935 934 931
934 935 931
931 935 934
936 22 5
22 936 5
5 936 22
937 23 4
23 937 4
4 937 23
938 24 3
24 938 3
3 938 24
939 938 937
938 939 937
937 939 938
940 938 937
938 940 937
937 940 938
941 940 939
940 941 939
939 941 940
942 941 936
941 942 936
936 942 941
943 941 936
941 943 936
936 943 941
944 943 942
943 944 942
942 944 943
945 944 935
944 945 935
935 945 944
946 944 935
944 946 935
935 946 944
947 946 945
946 947 945
945 947 946
948 947 930
947 948 930
930 948 947
949 947 930
947 949 930
930 949 947
950 949 948
949 950 948
948 950 949
951 950 925
950 951 925
925 951 950
952 950 925
950 952 925
925 952 950
953 952 951
952 953 951
951 953 952
954 953 920
953 954 920
920 954 953
955 953 920
953 955 920
920 955 953
956 955 954
955 956 954
954 956 955
957 814 809
814 957 809
809 957 814
958 823 809
823 958 809
809 958 823
959 823 814
823 959 814
814 959 823
960 959 958
959 960 958
958 960 959
961 960 957
960 961 957
957 961 960
962 804 799
804 962 799
799 962 804
963 829 799
829 963 799
799 963 829
964 829 804
829 964 804
804 964 829
965 964 963
964 965 963
963 965 964
966 965 962
965 966 962
962 966 965
967 966 961
966 967 961
961 967 966
968 966 961
966 968 961
961 968 966
969 968 967
968 969 967
967 969 968
970 969 956
969 970 956
956 970 969
971 969 956
969 971 956
956 971 969
972 971 970
971 972 970
970 972 971
973 972 867
972 973 867
867 973 972
974 972 867
972 974 867
867 974 972
975 974 973
974 975 973
973 975 974
976 975 862
975 976 862
862 976 975
977 975 862
975 977 862
862 977 975
978 977 976
977 978 976
976 978 977
979 972 862
972 979 862
862 979 972
980 867 862
867 980 862
862 980 867
981 972 867
972 981 867
867 981 972
982 981 980
981 982 980
980 982 981
983 982 979
982 983 979
979 983 982
984 966 956
966 984 956
956 984 966
985 961 956
961 985 956
956 985 961
986 966 961
966 986 961
961 986 966
987 986 985
986 987 985
985 987 986
988 987 984
987 988 984
984 988 987
989 16 12
16 989 12
12 989 16
990 17 11
17 990 11
11 990 17
991 18 10
18 991 10
10 991 18
992 991 990
991 992 990
990 992 991
993 991 990
991 993 990
990 993 991
994 993 992
993 994 992
992 994 993
995 994 989
994 995 989
989 995 994
996 994 989
994 996 989
989 996 994
997 996 995
996 997 995
995 997 996
998 869 868
869 998 868
868 998 869
999 878 868
878 999 868
868 999 878
1000 878 869
878 1000 869
869 1000 878
1001 1000 999
1000 1001 999
999 1001 1000
1002 1001 998
1001 1002 998
998 1002 1001
1003 871 870
871 1003 870
870 1003 871
1004 872 870
872 1004 870
870 1004 872
1005 872 871
872 1005 871
871 1005 872
1006 1005 1004
1005 1006 1004
1004 1006 1005
1007 1006 1003
1006 1007 1003
1003 1007 1006
1008 901 900
901 1008 900
900 1008 901
1009 902 900
902 1009 900
900 1009 902
1010 902 901
902 1010 901
901 1010 902
1011 1010 1009
1010 1011 1009
1009 1011 1010
1012 1011 1008
1011 1012 1008
1008 1012 1011
1013 19 9
19 1013 9
9 1013 19
1014 20 8
20 1014 8
8 1014 20
1015 21 7
21 1015 7
7 1015 21
1016 1015 1014
1015 1016 1014
1014 1016 1015
1017 1015 1014
1015 1017 1014
1014 1017 1015
1018 1017 1016
1017 1018 1016
1016 1018 1017
1019 1018 1013
1018 1019 1013
1013 1019 1018
1020 1018 1013
1018 1020 1013
1013 1020 1018
1021 1020 1019
1020 1021 1019
1019 1021 1020
1022 1021 1012
1021 1022 1012
1012 1022 1021
1023 1021 1012
1021 1023 1012
1012 1023 1021
1024 1023 1022
1023 1024 1022
1022 1024 1023
1025 1024 1007
1024 1025 1007
1007 1025 1024
1026 1024 1007
1024 1026 1007
1007 1026 1024
1027 1026 1025
1026 1027 1025
1025 1027 1026
1028 1027 1002
1027 1028 1002
1002 1028 1027
1029 1027 1002
1027 1029 1002
1002 1029 1027
1030 1029 1028
1029 1030 1028
1028 1030 1029
1031 1030 997
1030 1031 997
997 1031 1030
1032 1030 997
1030 1032 997
997 1032 1030
1033 1032 1031
1032 1033 1031
1031 1033 1032
1034 889 884
889 1034 884
884 1034 889
1035 914 884
914 1035 884
884 1035 914
1036 914 889
914 1036 889
889 1036 914
1037 1036 1035
1036 1037 1035
1035 1037 1036
1038 1037 1034
1037 1038 1034
1034 1038 1037
1039 908 894
908 1039 894
894 1039 908
1040 899 894
899 1040 894
894 1040 899
1041 908 899
908 1041 899
899 1041 908
1042 1041 1040
1041 1042 1040
1040 1042 1041
1043 1042 1039
1042 1043 1039
1039 1043 1042
1044 937 936
937 1044 936
936 1044 937
1045 938 936
938 1045 936
936 1045 938
1046 938 937
938 1046 937
937 1046 938
1047 1046 1045
1046 1047 1045
1045 1047 1046
1048 1047 1044
1047 1048 1044
1044 1048 1047
1049 22 6
22 1049 6
6 1049 22
1050 23 5
23 1050 5
5 1050 23
1051 24 4
24 1051 4
4 1051 24
1052 1051 1050
1051 1052 1050
1050 1052 1051
1053 1051 1050
1051 1053 1050
1050 1053 1051
1054 1053 1052
1053 1054 1052
1052 1054 1053
1055 1054 1049
1054 1055 1049
1049 1055 1054
1056 1054 1049
1054 1056 1049
1049 1056 1054
1057 1056 1055
1056 1057 1055
1055 1057 1056
1058 1057 1048
1057 1058 1048
1048 1058 1057
1059 1057 1048
1057 1059 1048
1048 1059 1057
1060 1059 1058
1059 1060 1058
1058 1060 1059
1061 1060 1043
1060 1061 1043
1043 1061 1060
1062 1060 1043
1060 1062 1043
1043 1062 1060
1063 1062 1061
1062 1063 1061
1061 1063 1062
1064 1063 1038
1063 1064 1038
1038 1064 1063
1065 1063 1038
1063 1065 1038
1038 1065 1063
1066 1065 1064
1065 1066 1064
1064 1066 1065
1067 1066 1033
1066 1067 1033
1033 1067 1066
1068 1066 1033
1066 1068 1033
1033 1068 1066
1069 1068 1067
1068 1069 1067
1067 1069 1068
1070 935 930
935 1070 930
930 1070 935
1071 944 930
944 1071 930
930 1071 944
1072 944 935
944 1072 935
935 1072 944
1073 1072 1071
1072 1073 1071
1071 1073 1072
1074 1073 1070
1073 1074 1070
1070 1074 1073
1075 925 920
925 1075 920
920 1075 925
1076 950 920
950 1076 920
920 1076 950
1077 950 925
950 1077 925
925 1077 950
1078 1077 1076
1077 1078 1076
1076 1078 1077
1079 1078 1075
1078 1079 1075
1075 1079 1078
1080 1079 1074
1079 1080 1074
1074 1080 1079
1081 1079 1074
1079 1081 1074
1074 1081 1079
1082 1081 1080
1081 1082 1080
1080 1082 1081
1083 1082 1069
1082 1083 1069
1069 1083 1082
1084 1082 1069
1082 1084 1069
1069 1084 1082
1085 1084 1083
1084 1085 1083
1083 1085 1084
1086 1085 988
1085 1086 988
988 1086 1085
1087 1085 988
1085 1087 988
988 1087 1085
1088 1087 1086
1087 1088 1086
1086 1088 1087
1089 1088 983
1088 1089 983
983 1089 1088
1090 1088 983
1088 1090 983
983 1090 1088
1091 1090 1089
1090 1091 1089
1089 1091 1090
1092 1085 983
1085 1092 983
983 1092 1085
1093 988 983
988 1093 983
983 1093 988
1094 1085 988
1085 1094 988
988 1094 1085
1095 1094 1093
1094 1095 1093
1093 1095 1094
1096 1095 1092
1095 1096 1092
1092 1096 1095
1097 1079 1069
1079 1097 1069
1069 1097 1079
1098 1074 1069
1074 1098 1069
1069 1098 1074
1099 1079 1074
1079 1099 1074
1074 1099 1079
1100 1099 1098
1099 1100 1098
1098 1100 1099
1101 1100 1097
1100 1101 1097
1097 1101 1100
1102 17 12
17 1102 12
12 1102 17
1103 18 11
18 1103 11
11 1103 18
1104 1103 1102
1103 1104 1102
1102 1104 1103
1105 1103 1102
1103 1105 1102
1102 1105 1103
1106 1105 1104
1105 1106 1104
1104 1106 1105
1107 990 989
990 1107 989
989 1107 990
1108 991 989
991 1108 989
989 1108 991
1109 991 990
991 1109 990
990 1109 991
1110 1109 1108
1109 1110 1108
1108 1110 1109
1111 1110 1107
1110 1111 1107
1107 1111 1110
1112 1014 1013
1014 1112 1013
1013 1112 1014
1113 1015 1013
1015 1113 1013
1013 1113 1015
1114 1015 1014
1015 1114 1014
1014 1114 1015
1115 1114 1113
1114 1115 1113
1113 1115 1114
1116 1115 1112
1115 1116 1112
1112 1116 1115
1117 19 10
19 1117 10
10 1117 19
1118 20 9
20 1118 9
9 1118 20
1119 21 8
21 1119 8
8 1119 21
1120 1119 1118
1119 1120 1118
1118 1120 1119
1121 1119 1118
1119 1121 1118
1118 1121 1119
1122 1121 1120
1121 1122 1120
1120 1122 1121
1123 1122 1117
1122 1123 1117
1117 1123 1122
1124 1122 1117
1122 1124 1117
1117 1124 1122
1125 1124 1123
1124 1125 1123
1123 1125 1124
1126 1125 1116
1125 1126 1116
1116 1126 1125
1127 1125 1116
1125 1127 1116
1116 1127 1125
1128 1127 1126
1127 1128 1126
1126 1128 1127
1129 1128 1111
1128 1129 1111
1111 1129 1128
1130 1128 1111
1128 1130 1111
1111 1130 1128
1131 1130 1129
1130 1131 1129
1129 1131 1130
1132 1131 1106
1131 1132 1106
1106 1132 1131
1133 1131 1106
1131 1133 1106
1106 1133 1131
1134 1133 1132
1133 1134 1132
1132 1134 1133
1135 1002 997
1002 1135 997
997 1135 1002
1136 1027 997
1027 1136 997
997 1136 1027
1137 1027 1002
1027 1137 1002
1002 1137 1027
1138 1137 1136
1137 1138 1136
1136 1138 1137
1139 1138 1135
1138 1139 1135
1135 1139 1138
1140 1021 1007
1021 1140 1007
1007 1140 1021
1141 1012 1007
1012 1141 1007
1007 1141 1012
1142 1021 1012
1021 1142 1012
1012 1142 1021
1143 1142 1141
1142 1143 1141
1141 1143 1142
1144 1143 1140
1143 1144 1140
1140 1144 1143
1145 1050 1049
1050 1145 1049
1049 1145 1050
1146 1051 1049
1051 1146 1049
1049 1146 1051
1147 1051 1050
1051 1147 1050
1050 1147 1051
1148 1147 1146
1147 1148 1146
1146 1148 1147
1149 1148 1145
1148 1149 1145
1145 1149 1148
1150 22 7
