65 9 30
9 65 30
30 65 9
66 52 9
52 66 9
9 66 52
67 66 65
66 67 65
65 67 66
68 52 30
52 68 30
30 68 52
69 68 67
68 69 67
67 69 68
70 9 69
9 70 69
69 70 9
71 9 69
9 71 69
69 71 9
72 70 71
70 72 71
71 72 70
73 72 18
72 73 18
18 73 72
74 19 72
19 74 72
72 74 19
75 74 73
74 75 73
73 75 74
76 72 17
72 76 17
17 76 72
77 72 18
72 77 18
18 77 72
78 76 77
76 78 77
77 78 76
79 72 16
72 79 16
16 79 72
80 17 72
17 80 72
72 80 17
81 80 79
80 81 79
79 81 80
82 72 15
72 82 15
15 82 72
83 16 72
16 83 72
72 83 16
84 82 83
82 84 83
83 84 82
85 72 14
72 85 14
14 85 72
86 72 15
72 86 15
15 86 72
87 86 85
86 87 85
85 87 86
88 72 13
72 88 13
13 88 72
89 14 72
14 89 72
72 89 14
90 89 88
89 90 88
88 90 89
91 72 12
72 91 12
12 91 72
92 13 72
13 92 72
72 92 13
93 91 92
91 93 92
92 93 91
94 72 11
72 94 11
11 94 72
95 72 12
72 95 12
12 95 72
96 95 94
95 96 94
94 96 95
97 72 10
72 97 10
10 97 72
98 11 72
11 98 72
72 98 11
99 97 98
97 99 98
98 99 97
100 72 9
72 100 9
9 100 72
101 72 10
72 101 10
10 101 72
102 100 101
100 102 101
101 102 100
103 72 8
72 103 8
8 103 72
104 9 72
9 104 72
72 104 9
105 103 104
103 105 104
104 105 103
106 72 7
72 106 7
7 106 72
107 8 72
8 107 72
72 107 8
108 107 106
107 108 106
106 108 107
109 72 6
72 109 6
6 109 72
110 72 7
72 110 7
7 110 72
111 109 110
109 111 110
110 111 109
112 72 5
72 112 5
5 112 72
113 6 72
6 113 72
72 113 6
114 113 112
113 114 112
112 114 113
115 4 72
4 115 72
72 115 4
116 5 72
5 116 72
72 116 5
117 115 116
115 117 116
116 117 115
118 72 3
72 118 3
3 118 72
119 4 72
4 119 72
72 119 4
120 119 118
119 120 118
118 120 119
121 72 2
72 121 2
2 121 72
122 72 3
72 122 3
3 122 72
123 122 121
122 123 121
121 123 122
124 72 1
72 124 1
1 124 72
125 2 72
2 125 72
72 125 2
126 124 125
124 126 125
125 126 124
127 19 18
19 127 18
18 127 19
128 19 18
19 128 18
18 128 19
129 127 128
127 129 128
128 129 127
130 129 17
129 130 17
17 130 129
131 129 17
129 131 17
17 131 129
132 130 131
130 132 131
131 132 130
133 132 14
132 133 14
14 133 132
134 132 14
132 134 14
14 134 132
135 133 134
133 135 134
134 135 133
136 135 72
135 136 72
72 136 135
137 1 72
1 137 72
72 137 1
138 136 137
136 138 137
137 138 136
139 9 30
9 139 30
30 139 9
140 52 9
52 140 9
9 140 52
141 140 139
140 141 139
139 141 140
142 52 30
52 142 30
30 142 52
143 142 141
142 143 141
141 143 142
144 143 30
143 144 30
30 144 143
145 143 30
143 145 30
30 145 143
146 144 145
144 146 145
145 146 144
147 146 40
146 147 40
40 147 146
148 146 41
146 148 41
41 148 146
149 148 147
148 149 147
147 149 148
150 39 146
39 150 146
146 150 39
151 40 146
40 151 146
146 151 40
152 151 150
151 152 150
150 152 151
153 146 38
146 153 38
38 153 146
154 39 146
39 154 146
146 154 39
155 154 153
154 155 153
153 155 154
156 146 37
146 156 37
37 156 146
157 146 38
146 157 38
38 157 146
158 157 156
157 158 156
156 158 157
159 36 146
36 159 146
146 159 36
160 37 146
37 160 146
146 160 37
161 160 159
160 161 159
159 161 160
162 146 35
146 162 35
35 162 146
163 36 146
36 163 146
146 163 36
164 162 163
162 164 163
163 164 162
165 146 34
146 165 34
34 165 146
166 146 35
146 166 35
35 166 146
167 165 166
165 167 166
166 167 165
168 146 33
146 168 33
33 168 146
169 146 34
146 169 34
34 169 146
170 168 169
168 170 169
169 170 168
171 146 32
146 171 32
32 171 146
172 146 33
146 172 33
33 172 146
173 171 172
171 173 172
172 173 171
174 31 146
31 174 146
146 174 31
175 32 146
32 175 146
146 175 32
176 175 174
175 176 174
174 176 175
177 146 30
146 177 30
30 177 146
178 31 146
31 178 146
146 178 31
179 178 177
178 179 177
177 179 178
180 146 29
146 180 29
29 180 146
181 146 30
146 181 30
30 181 146
182 181 180
181 182 180
180 182 181
183 146 28
146 183 28
28 183 146
184 146 29
146 184 29
29 184 146
185 184 183
184 185 183
183 185 184
186 27 146
27 186 146
146 186 27
187 28 146
28 187 146
146 187 28
188 186 187
186 188 187
187 188 186
189 146 26
146 189 26
26 189 146
190 27 146
27 190 146
146 190 27
191 189 190
189 191 190
190 191 189
192 146 25
146 192 25
25 192 146
193 146 26
146 193 26
26 193 146
194 192 193
192 194 193
193 194 192
195 24 146
24 195 146
146 195 24
196 25 146
25 196 146
146 196 25
197 196 195
196 197 195
195 197 196
198 146 23
146 198 23
23 198 146
199 24 146
24 199 146
146 199 24
200 198 199
198 200 199
199 200 198
201 22 146
22 201 146
146 201 22
202 146 23
146 202 23
23 202 146
203 201 202
201 203 202
202 203 201
204 146 21
146 204 21
21 204 146
205 22 146
22 205 146
146 205 22
206 205 204
205 206 204
204 206 205
207 146 20
146 207 20
20 207 146
208 146 21
146 208 21
21 208 146
209 208 207
208 209 207
207 209 208
210 40 41
40 210 41
41 210 40
211 40 41
40 211 41
41 211 40
212 210 211
210 212 211
211 212 210
213 146 212
146 213 212
212 213 146
214 20 146
20 214 146
146 214 20
215 213 214
213 215 214
214 215 213
216 9 30
9 216 30
30 216 9
217 52 9
52 217 9
9 217 52
218 217 216
217 218 216
216 218 217
219 52 30
52 219 30
30 219 52
220 219 218
219 220 218
218 220 219
221 52 220
52 221 220
220 221 52
222 52 220
52 222 220
220 222 52
223 222 221
222 223 221
221 223 222
224 63 223
63 224 223
223 224 63
225 223 64
223 225 64
64 225 223
226 224 225
224 226 225
225 226 224
227 62 223
62 227 223
223 227 62
228 63 223
63 228 223
223 228 63
229 227 228
227 229 228
228 229 227
230 61 223
61 230 223
223 230 61
231 62 223
62 231 223
223 231 62
232 230 231
230 232 231
231 232 230
233 60 223
60 233 223
223 233 60
234 223 61
223 234 61
61 234 223
235 233 234
233 235 234
234 235 233
236 59 223
59 236 223
223 236 59
237 60 223
60 237 223
223 237 60
238 236 237
236 238 237
237 238 236
239 58 223
58 239 223
223 239 58
240 59 223
59 240 223
223 240 59
241 240 239
240 241 239
239 241 240
242 57 223
57 242 223
223 242 57
243 223 58
223 243 58
58 243 223
244 243 242
243 244 242
242 244 243
245 56 223
56 245 223
223 245 56
246 57 223
57 246 223
223 246 57
247 246 245
246 247 245
245 247 246
248 55 223
55 248 223
223 248 55
249 223 56
223 249 56
56 249 223
250 248 249
248 250 249
249 250 248
251 54 223
54 251 223
223 251 54
252 55 223
55 252 223
223 252 55
253 251 252
251 253 252
252 253 251
254 53 223
53 254 223
223 254 53
255 54 223
54 255 223
223 255 54
256 254 255
254 256 255
255 256 254
257 52 223
52 257 223
223 257 52
258 223 53
223 258 53
53 258 223
259 258 257
258 259 257
257 259 258
260 51 223
51 260 223
223 260 51
261 52 223
52 261 223
223 261 52
262 260 261
260 262 261
261 262 260
263 223 50
223 263 50
50 263 223
264 51 223
51 264 223
223 264 51
265 264 263
264 265 263
263 265 264
266 49 223
49 266 223
223 266 49
267 223 50
223 267 50
50 267 223
268 266 267
266 268 267
267 268 266
269 48 223
48 269 223
223 269 48
270 223 49
223 270 49
49 270 223
271 269 270
269 271 270
270 271 269
272 47 223
47 272 223
223 272 47
273 48 223
48 273 223
223 273 48
274 272 273
272 274 273
273 274 272
275 46 223
46 275 223
223 275 46
276 47 223
47 276 223
223 276 47
277 275 276
275 277 276
276 277 275
278 45 223
45 278 223
223 278 45
279 223 46
223 279 46
46 279 223
280 278 279
278 280 279
279 280 278
281 44 223
44 281 223
223 281 44
282 223 45
223 282 45
45 282 223
283 281 282
281 283 282
282 283 281
284 43 223
43 284 223
223 284 43
285 223 44
223 285 44
44 285 223
286 284 285
284 286 285
285 286 284
287 42 223
42 287 223
223 287 42
288 43 223
43 288 223
223 288 43
289 288 287
288 289 287
287 289 288
290 63 64
63 290 64
64 290 63
291 63 64
63 291 64
64 291 63
292 291 290
291 292 290
290 292 291
293 292 62
292 293 62
62 293 292
294 62 292
62 294 292
292 294 62
295 294 293
294 295 293
293 295 294
296 49 295
49 296 295
295 296 49
297 295 49
295 297 49
49 297 295
298 297 296
297 298 296
296 298 297
299 298 223
298 299 223
223 299 298
300 42 223
42 300 223
223 300 42
301 300 299
300 301 299
299 301 300
302 182 105
182 302 105
105 302 182
303 105 262
105 303 262
262 303 105
304 303 302
303 304 302
302 304 303
305 182 262
182 305 262
262 305 182
306 304 305
304 306 305
305 306 304
307 306 105
306 307 105
105 307 306
308 105 306
105 308 306
306 308 105
309 308 307
308 309 307
307 309 308
310 309 78
309 310 78
78 310 309
311 309 75
309 311 75
75 311 309
312 310 311
310 312 311
311 312 310
313 309 81
309 313 81
81 313 309
314 309 78
309 314 78
78 314 309
315 314 313
314 315 313
313 315 314
316 309 84
309 316 84
84 316 309
317 81 309
81 317 309
309 317 81
318 317 316
317 318 316
316 318 317
319 309 87
309 319 87
87 319 309
320 84 309
84 320 309
309 320 84
321 319 320
319 321 320
320 321 319
322 309 90
309 322 90
90 322 309
323 309 87
309 323 87
87 323 309
324 322 323
322 324 323
323 324 322
325 309 93
309 325 93
93 325 309
326 309 90
309 326 90
90 326 309
327 326 325
326 327 325
325 327 326
328 309 96
309 328 96
96 328 309
329 309 93
309 329 93
93 329 309
330 328 329
328 330 329
329 330 328
331 309 99
309 331 99
99 331 309
332 309 96
309 332 96
96 332 309
333 331 332
331 333 332
332 333 331
334 309 102
309 334 102
102 334 309
335 309 99
309 335 99
99 335 309
336 334 335
334 336 335
335 336 334
337 309 105
309 337 105
105 337 309
338 102 309
102 338 309
309 338 102
339 337 338
337 339 338
338 339 337
340 309 108
309 340 108
108 340 309
341 309 105
309 341 105
105 341 309
342 341 340
341 342 340
340 342 341
343 309 111
309 343 111
111 343 309
344 108 309
108 344 309
309 344 108
345 343 344
343 345 344
344 345 343
346 309 114
309 346 114
114 346 309
347 111 309
111 347 309
309 347 111
348 346 347
346 348 347
347 348 346
349 309 117
309 349 117
117 349 309
350 309 114
309 350 114
114 350 309
351 350 349
350 351 349
349 351 350
352 309 120
309 352 120
120 352 309
353 117 309
117 353 309
309 353 117
354 353 352
353 354 352
352 354 353
355 309 123
309 355 123
123 355 309
356 120 309
120 356 309
309 356 120
357 355 356
355 357 356
356 357 355
358 309 126
309 358 126
126 358 309
359 123 309
123 359 309
309 359 123
360 358 359
358 360 359
359 360 358
361 309 138
309 361 138
138 361 309
362 126 309
126 362 309
309 362 126
363 361 362
361 363 362
362 363 361
364 78 75
78 364 75
75 364 78
365 75 78
75 365 78
78 365 75
366 364 365
364 366 365
365 366 364
367 81 366
81 367 366
366 367 81
368 81 366
81 368 366
366 368 81
369 367 368
367 369 368
368 369 367
370 369 90
369 370 90
90 370 369
371 369 90
369 371 90
90 371 369
372 370 371
370 372 371
371 372 370
373 309 372
309 373 372
372 373 309
374 138 309
138 374 309
309 374 138
375 373 374
373 375 374
374 375 373
376 182 105
182 376 105
105 376 182
377 105 262
105 377 262
262 377 105
378 377 376
377 378 376
376 378 377
379 182 262
182 379 262
262 379 182
380 378 379
378 380 379
379 380 378
381 380 182
380 381 182
182 381 380
382 182 380
182 382 380
380 382 182
383 381 382
381 383 382
382 383 381
384 152 383
152 384 383
383 384 152
385 383 149
383 385 149
149 385 383
386 384 385
384 386 385
385 386 384
387 383 155
383 387 155
155 387 383
388 152 383
152 388 383
383 388 152
389 387 388
387 389 388
388 389 387
390 383 158
383 390 158
158 390 383
391 155 383
155 391 383
383 391 155
392 391 390
391 392 390
390 392 391
393 383 161
383 393 161
161 393 383
394 383 158
383 394 158
158 394 383
395 393 394
393 395 394
394 395 393
396 383 164
383 396 164
164 396 383
397 161 383
161 397 383
383 397 161
398 396 397
396 398 397
397 398 396
399 167 383
167 399 383
383 399 167
400 164 383
164 400 383
383 400 164
401 400 399
400 401 399
399 401 400
402 383 170
383 402 170
170 402 383
403 167 383
167 403 383
383 403 167
404 403 402
403 404 402
402 404 403
405 383 173
383 405 173
173 405 383
406 170 383
170 406 383
383 406 170
407 406 405
406 407 405
405 407 406
408 176 383
176 408 383
383 408 176
409 383 173
383 409 173
173 409 383
410 409 408
409 410 408
408 410 409
411 383 179
383 411 179
179 411 383
412 176 383
176 412 383
383 412 176
413 411 412
411 413 412
412 413 411
414 383 182
383 414 182
182 414 383
415 179 383
179 415 383
383 415 179
416 415 414
415 416 414
414 416 415
417 185 383
185 417 383
383 417 185
418 182 383
182 418 383
383 418 182
419 417 418
417 419 418
418 419 417
420 188 383
188 420 383
383 420 188
421 185 383
185 421 383
383 421 185
422 421 420
421 422 420
420 422 421
423 191 383
191 423 383
383 423 191
424 188 383
188 424 383
383 424 188
425 423 424
423 425 424
424 425 423
426 383 194
383 426 194
194 426 383
427 191 383
191 427 383
383 427 191
428 426 427
426 428 427
427 428 426
429 197 383
197 429 383
383 429 197
430 194 383
194 430 383
383 430 194
431 430 429
430 431 429
429 431 430
432 383 200
383 432 200
200 432 383
433 197 383
197 433 383
383 433 197
434 432 433
432 434 433
433 434 432
435 383 203
383 435 203
203 435 383
436 200 383
200 436 383
383 436 200
437 435 436
435 437 436
436 437 435
438 383 206
383 438 206
206 438 383
439 203 383
203 439 383
383 439 203
440 438 439
438 440 439
439 440 438
441 209 383
209 441 383
383 441 209
442 206 383
206 442 383
383 442 206
443 441 442
441 443 442
442 443 441
444 383 215
383 444 215
215 444 383
445 209 383
209 445 383
383 445 209
446 444 445
444 446 445
445 446 444
447 152 149
152 447 149
149 447 152
448 152 149
152 448 149
149 448 152
449 448 447
448 449 447
447 449 448
450 383 449
383 450 449
449 450 383
451 383 215
383 451 215
215 451 383
452 450 451
450 452 451
451 452 450
453 182 105
182 453 105
105 453 182
454 105 262
105 454 262
262 454 105
455 454 453
454 455 453
453 455 454
456 182 262
182 456 262
262 456 182
457 455 456
455 457 456
456 457 455
458 457 262
457 458 262
262 458 457
459 457 262
457 459 262
262 459 457
460 459 458
459 460 458
458 460 459
461 229 460
229 461 460
460 461 229
462 460 226
460 462 226
226 462 460
463 461 462
461 463 462
462 463 461
464 232 460
232 464 460
460 464 232
465 460 229
460 465 229
229 465 460
466 465 464
465 466 464
464 466 465
467 460 235
460 467 235
235 467 460
468 232 460
232 468 460
460 468 232
469 467 468
467 469 468
468 469 467
470 238 460
238 470 460
460 470 238
471 460 235
460 471 235
235 471 460
472 471 470
471 472 470
470 472 471
473 241 460
241 473 460
460 473 241
474 460 238
460 474 238
238 474 460
475 473 474
473 475 474
474 475 473
476 244 460
244 476 460
460 476 244
477 460 241
460 477 241
241 477 460
478 477 476
477 478 476
476 478 477
479 460 247
460 479 247
247 479 460
480 244 460
244 480 460
460 480 244
481 480 479
480 481 479
479 481 480
482 250 460
250 482 460
460 482 250
483 460 247
460 483 247
247 483 460
484 483 482
483 484 482
482 484 483
485 253 460
253 485 460
460 485 253
486 460 250
460 486 250
250 486 460
487 485 486
485 487 486
486 487 485
488 256 460
256 488 460
460 488 256
489 460 253
460 489 253
253 489 460
490 489 488
489 490 488
488 490 489
491 460 259
460 491 259
259 491 460
492 460 256
460 492 256
256 492 460
493 491 492
491 493 492
492 493 491
494 262 460
262 494 460
460 494 262
495 460 259
460 495 259
259 495 460
496 495 494
495 496 494
494 496 495
497 265 460
265 497 460
460 497 265
498 460 262
460 498 262
262 498 460
499 497 498
497 499 498
498 499 497
500 268 460
268 500 460
460 500 268
501 460 265
460 501 265
265 501 460
502 500 501
500 502 501
501 502 500
503 271 460
271 503 460
460 503 271
504 460 268
460 504 268
268 504 460
505 504 503
504 505 503
503 505 504
506 274 460
274 506 460
460 506 274
507 460 271
460 507 271
271 507 460
508 507 506
507 508 506
506 508 507
509 460 277
460 509 277
277 509 460
510 460 274
460 510 274
274 510 460
511 510 509
510 511 509
509 511 510
512 280 460
280 512 460
460 512 280
513 460 277
460 513 277
277 513 460
514 512 513
512 514 513
513 514 512
515 283 460
283 515 460
460 515 283
516 460 280
460 516 280
280 516 460
517 515 516
515 517 516
516 517 515
518 286 460
286 518 460
460 518 286
519 460 283
460 519 283
283 519 460
520 518 519
518 520 519
519 520 518
521 289 460
289 521 460
460 521 289
522 460 286
460 522 286
286 522 460
523 521 522
521 523 522
522 523 521
524 301 460
301 524 460
460 524 301
525 460 289
460 525 289
289 525 460
526 524 525
524 526 525
525 526 524
527 226 229
226 527 229
229 527 226
528 226 229
226 528 229
229 528 226
529 528 527
528 529 527
527 529 528
530 529 232
529 530 232
232 530 529
531 232 529
232 531 529
529 531 232
532 531 530
531 532 530
530 532 531
533 271 532
271 533 532
532 533 271
534 271 532
271 534 532
532 534 271
535 534 533
534 535 533
533 535 534
536 535 460
535 536 460
460 536 535
537 460 301
460 537 301
301 537 460
538 537 536
537 538 536
536 538 537
539 342 419
342 539 419
419 539 342
540 342 499
342 540 499
499 540 342
541 539 540
539 541 540
540 541 539
542 499 419
499 542 419
419 542 499
543 541 542
541 543 542
542 543 541
544 342 543
342 544 543
543 544 342
545 342 543
342 545 543
543 545 342
546 545 544
545 546 544
544 546 545
547 546 315
546 547 315
315 547 546
548 546 312
546 548 312
312 548 546
549 548 547
548 549 547
547 549 548
550 546 318
546 550 318
318 550 546
551 546 315
546 551 315
315 551 546
552 550 551
550 552 551
551 552 550
553 546 321
546 553 321
321 553 546
554 318 546
318 554 546
546 554 318
555 554 553
554 555 553
553 555 554
556 546 324
546 556 324
324 556 546
557 546 321
546 557 321
321 557 546
558 557 556
557 558 556
556 558 557
559 546 327
546 559 327
327 559 546
560 546 324
546 560 324
324 560 546
561 559 560
559 561 560
560 561 559
562 546 330
546 562 330
330 562 546
563 546 327
546 563 327
327 563 546
564 562 563
562 564 563
563 564 562
565 546 333
546 565 333
333 565 546
566 546 330
546 566 330
330 566 546
567 565 566
565 567 566
566 567 565
568 546 336
546 568 336
336 568 546
569 333 546
333 569 546
546 569 333
570 569 568
569 570 568
568 570 569
571 546 339
546 571 339
339 571 546
572 336 546
336 572 546
546 572 336
573 572 571
572 573 571
571 573 572
574 342 546
342 574 546
546 574 342
575 546 339
546 575 339
339 575 546
576 575 574
575 576 574
574 576 575
577 546 345
546 577 345
345 577 546
578 342 546
342 578 546
546 578 342
579 577 578
577 579 578
578 579 577
580 348 546
348 580 546
546 580 348
581 546 345
546 581 345
345 581 546
582 581 580
581 582 580
580 582 581
583 351 546
351 583 546
546 583 351
584 348 546
348 584 546
546 584 348
585 583 584
583 585 584
584 585 583
586 546 354
546 586 354
354 586 546
587 351 546
351 587 546
546 587 351
588 587 586
587 588 586
586 588 587
589 546 357
546 589 357
357 589 546
590 546 354
546 590 354
354 590 546
591 590 589
590 591 589
589 591 590
592 546 360
546 592 360
360 592 546
593 546 357
546 593 357
357 593 546
594 593 592
593 594 592
592 594 593
595 363 546
363 595 546
546 595 363
596 360 546
360 596 546
546 596 360
597 596 595
596 597 595
595 597 596
598 546 375
546 598 375
375 598 546
599 363 546
363 599 546
546 599 363
600 599 598
599 600 598
598 600 599
601 315 312
315 601 312
312 601 315
602 312 315
312 602 315
315 602 312
603 601 602
601 603 602
602 603 601
604 603 318
603 604 318
318 604 603
605 603 318
603 605 318
318 605 603
606 604 605
604 606 605
605 606 604
607 606 327
606 607 327
327 607 606
608 606 327
606 608 327
327 608 606
609 607 608
607 609 608
608 609 607
610 546 609
546 610 609
609 610 546
611 375 546
375 611 546
546 611 375
612 610 611
610 612 611
611 612 610
613 342 419
342 613 419
419 613 342
614 342 499
342 614 499
499 614 342
615 613 614
613 615 614
614 615 613
616 499 419
499 616 419
419 616 499
617 615 616
615 617 616
616 617 615
618 617 419
617 618 419
419 618 617
619 617 419
617 619 419
419 619 617
620 619 618
619 620 618
618 620 619
621 620 389
620 621 389
389 621 620
622 386 620
386 622 620
620 622 386
623 622 621
622 623 621
621 623 622
624 620 392
620 624 392
392 624 620
625 389 620
389 625 620
620 625 389
626 625 624
625 626 624
624 626 625
627 620 395
620 627 395
395 627 620
628 392 620
392 628 620
620 628 392
629 628 627
628 629 627
627 629 628
630 620 398
620 630 398
398 630 620
631 620 395
620 631 395
395 631 620
632 631 630
631 632 630
630 632 631
633 620 401
620 633 401
401 633 620
634 398 620
398 634 620
620 634 398
635 634 633
634 635 633
633 635 634
636 620 404
620 636 404
404 636 620
637 401 620
401 637 620
620 637 401
638 637 636
637 638 636
636 638 637
639 620 407
620 639 407
407 639 620
640 404 620
404 640 620
620 640 404
641 639 640
639 641 640
640 641 639
642 620 410
620 642 410
410 642 620
643 407 620
407 643 620
620 643 407
644 642 643
642 644 643
643 644 642
645 620 413
620 645 413
413 645 620
646 410 620
410 646 620
620 646 410
647 646 645
646 647 645
645 647 646
648 620 416
620 648 416
416 648 620
649 413 620
413 649 620
620 649 413
650 649 648
649 650 648
648 650 649
651 620 419
620 651 419
419 651 620
652 620 416
620 652 416
416 652 620
653 651 652
651 653 652
652 653 651
654 620 422
620 654 422
422 654 620
655 620 419
620 655 419
419 655 620
656 654 655
654 656 655
655 656 654
657 620 425
620 657 425
425 657 620
658 422 620
422 658 620
620 658 422
659 658 657
658 659 657
657 659 658
660 620 428
620 660 428
428 660 620
661 620 425
620 661 425
425 661 620
662 660 661
660 662 661
661 662 660
663 620 431
620 663 431
431 663 620
664 428 620
428 664 620
620 664 428
665 663 664
663 665 664
664 665 663
666 620 434
620 666 434
434 666 620
667 431 620
431 667 620
620 667 431
668 667 666
667 668 666
666 668 667
669 620 437
620 669 437
437 669 620
670 620 434
620 670 434
434 670 620
671 669 670
669 671 670
670 671 669
672 620 440
620 672 440
440 672 620
673 620 437
620 673 437
437 673 620
674 673 672
673 674 672
672 674 673
675 620 443
620 675 443
443 675 620
676 440 620
440 676 620
620 676 440
677 675 676
675 677 676
676 677 675
678 620 446
620 678 446
446 678 620
679 443 620
443 679 620
620 679 443
680 678 679
678 680 679
679 680 678
681 620 452
620 681 452
452 681 620
682 620 446
620 682 446
446 682 620
683 682 681
682 683 681
681 683 682
684 389 386
389 684 386
386 684 389
685 386 389
386 685 389
389 685 386
686 685 684
685 686 684
684 686 685
687 620 686
620 687 686
686 687 620
688 452 620
452 688 620
620 688 452
689 688 687
688 689 687
687 689 688
690 342 419
342 690 419
419 690 342
691 342 499
342 691 499
499 691 342
692 690 691
690 692 691
691 692 690
693 499 419
499 693 419
419 693 499
694 692 693
692 694 693
693 694 692
695 499 694
499 695 694
694 695 499
696 694 499
694 696 499
499 696 694
697 695 696
695 697 696
696 697 695
698 697 466
697 698 466
466 698 697
699 463 697
463 699 697
697 699 463
700 699 698
699 700 698
698 700 699
701 697 469
697 701 469
469 701 697
702 466 697
466 702 697
697 702 466
703 702 701
702 703 701
701 703 702
704 472 697
472 704 697
697 704 472
705 469 697
469 705 697
697 705 469
706 705 704
705 706 704
704 706 705
707 475 697
475 707 697
697 707 475
708 472 697
472 708 697
697 708 472
709 707 708
707 709 708
708 709 707
710 697 478
697 710 478
478 710 697
711 475 697
475 711 697
697 711 475
712 710 711
710 712 711
711 712 710
713 697 481
697 713 481
481 713 697
714 478 697
478 714 697
697 714 478
715 714 713
714 715 713
713 715 714
716 697 484
697 716 484
484 716 697
717 481 697
481 717 697
697 717 481
718 716 717
716 718 717
717 718 716
719 697 487
697 719 487
487 719 697
720 697 484
697 720 484
484 720 697
721 720 719
720 721 719
719 721 720
722 697 490
697 722 490
490 722 697
723 487 697
487 723 697
697 723 487
724 722 723
722 724 723
723 724 722
725 697 493
697 725 493
493 725 697
726 697 490
697 726 490
490 726 697
727 726 725
726 727 725
725 727 726
728 697 496
697 728 496
496 728 697
729 493 697
493 729 697
697 729 493
730 729 728
729 730 728
728 730 729
731 697 499
697 731 499
499 731 697
732 697 496
697 732 496
496 732 697
733 731 732
731 733 732
732 733 731
734 697 502
697 734 502
502 734 697
735 697 499
697 735 499
499 735 697
736 734 735
734 736 735
735 736 734
737 505 697
505 737 697
697 737 505
738 502 697
502 738 697
697 738 502
739 738 737
738 739 737
737 739 738
740 697 508
697 740 508
508 740 697
741 505 697
505 741 697
697 741 505
742 741 740
741 742 740
740 742 741
743 697 511
697 743 511
511 743 697
744 697 508
697 744 508
508 744 697
745 743 744
743 745 744
744 745 743
746 697 514
697 746 514
514 746 697
747 511 697
511 747 697
697 747 511
748 747 746
747 748 746
746 748 747
749 697 517
697 749 517
517 749 697
750 514 697
514 750 697
697 750 514
751 749 750
749 751 750
750 751 749
752 697 520
697 752 520
520 752 697
753 517 697
517 753 697
697 753 517
754 753 752
753 754 752
752 754 753
755 697 523
697 755 523
523 755 697
756 520 697
520 756 697
697 756 520
757 755 756
755 757 756
756 757 755
758 697 526
697 758 526
526 758 697
759 523 697
523 759 697
697 759 523
760 759 758
759 760 758
758 760 759
761 697 538
697 761 538
538 761 697
762 526 697
526 762 697
697 762 526
763 762 761
762 763 761
761 763 762
764 463 466
463 764 466
466 764 463
765 466 463
466 765 463
463 765 466
766 765 764
765 766 764
764 766 765
767 469 766
469 767 766
766 767 469
768 469 766
469 768 766
766 768 469
769 767 768
767 769 768
768 769 767
770 508 769
508 770 769
769 770 508
771 769 508
769 771 508
508 771 769
772 771 770
771 772 770
770 772 771
773 697 772
697 773 772
772 773 697
774 538 697
538 774 697
697 774 538
775 774 773
774 775 773
773 775 774
776 656 579
656 776 579
579 776 656
777 736 579
736 777 579
579 777 736
778 776 777
776 778 777
777 778 776
779 656 736
656 779 736
736 779 656
780 779 778
779 780 778
778 780 779
781 579 780
579 781 780
780 781 579
782 579 780
579 782 780
780 782 579
783 781 782
781 783 782
782 783 781
784 552 783
552 784 783
783 784 552
785 783 549
783 785 549
549 785 783
786 784 785
784 786 785
785 786 784
787 555 783
555 787 783
783 787 555
788 783 552
783 788 552
552 788 783
789 787 788
787 789 788
788 789 787
790 558 783
558 790 783
783 790 558
791 783 555
783 791 555
555 791 783
792 791 790
791 792 790
790 792 791
793 783 561
783 793 561
561 793 783
794 783 558
783 794 558
558 794 783
795 793 794
793 795 794
794 795 793
796 564 783
564 796 783
783 796 564
797 783 561
783 797 561
561 797 783
798 797 796
797 798 796
796 798 797
799 567 783
567 799 783
783 799 567
800 783 564
783 800 564
564 800 783
801 800 799
800 801 799
799 801 800
802 783 570
783 802 570
570 802 783
803 783 567
783 803 567
567 803 783
804 803 802
803 804 802
802 804 803
805 783 573
783 805 573
573 805 783
806 783 570
783 806 570
570 806 783
807 806 805
806 807 805
805 807 806
808 576 783
576 808 783
783 808 576
809 783 573
783 809 573
573 809 783
810 808 809
808 810 809
809 810 808
811 579 783
579 811 783
783 811 579
812 783 576
783 812 576
576 812 783
813 811 812
811 813 812
812 813 811
814 582 783
582 814 783
783 814 582
815 783 579
783 815 579
579 815 783
816 815 814
815 816 814
814 816 815
817 585 783
585 817 783
783 817 585
818 783 582
783 818 582
582 818 783
819 817 818
817 819 818
818 819 817
820 588 783
588 820 783
783 820 588
821 783 585
783 821 585
585 821 783
822 820 821
820 822 821
821 822 820
823 783 591
783 823 591
591 823 783
824 783 588
783 824 588
588 824 783
825 823 824
823 825 824
824 825 823
826 594 783
594 826 783
783 826 594
827 783 591
783 827 591
591 827 783
828 827 826
827 828 826
826 828 827
829 783 597
783 829 597
597 829 783
830 783 594
783 830 594
594 830 783
831 829 830
829 831 830
830 831 829
832 600 783
600 832 783
783 832 600
833 783 597
783 833 597
597 833 783
834 832 833
832 834 833
833 834 832
835 612 783
612 835 783
783 835 612
836 783 600
783 836 600
600 836 783
837 836 835
836 837 835
835 837 836
838 549 552
549 838 552
552 838 549
839 549 552
549 839 552
552 839 549
840 839 838
839 840 838
838 840 839
841 840 555
840 841 555
555 841 840
842 555 840
555 842 840
840 842 555
843 841 842
841 843 842
842 843 841
844 564 843
564 844 843
843 844 564
845 564 843
564 845 843
843 845 564
846 845 844
845 846 844
844 846 845
847 846 783
846 847 783
783 847 846
848 783 612
783 848 612
612 848 783
849 847 848
847 849 848
848 849 847
850 656 579
656 850 579
579 850 656
851 736 579
736 851 579
579 851 736
852 850 851
850 852 851
851 852 850
853 656 736
656 853 736
736 853 656
854 853 852
853 854 852
852 854 853
855 854 656
854 855 656
656 855 854
856 656 854
656 856 854
854 856 656
857 856 855
856 857 855
855 857 856
858 857 626
857 858 626
626 858 857
859 623 857
623 859 857
857 859 623
860 859 858
859 860 858
858 860 859
861 857 629
857 861 629
629 861 857
862 857 626
857 862 626
626 862 857
863 861 862
861 863 862
862 863 861
864 632 857
632 864 857
857 864 632
865 857 629
857 865 629
629 865 857
866 864 865
864 866 865
865 866 864
867 635 857
635 867 857
857 867 635
868 632 857
632 868 857
857 868 632
869 867 868
867 869 868
868 869 867
870 638 857
638 870 857
857 870 638
871 635 857
635 871 857
857 871 635
872 870 871
870 872 871
871 872 870
873 857 641
857 873 641
641 873 857
874 638 857
638 874 857
857 874 638
875 874 873
874 875 873
873 875 874
876 644 857
644 876 857
857 876 644
877 857 641
857 877 641
641 877 857
878 876 877
876 878 877
877 878 876
879 647 857
647 879 857
857 879 647
880 644 857
644 880 857
857 880 644
881 879 880
879 881 880
880 881 879
882 650 857
650 882 857
857 882 650
883 647 857
647 883 857
857 883 647
884 882 883
882 884 883
883 884 882
885 653 857
653 885 857
857 885 653
886 650 857
650 886 857
857 886 650
887 885 886
885 887 886
886 887 885
888 656 857
656 888 857
857 888 656
889 653 857
653 889 857
857 889 653
890 888 889
888 890 889
889 890 888
891 857 659
857 891 659
659 891 857
892 656 857
656 892 857
857 892 656
893 892 891
892 893 891
891 893 892
894 857 662
857 894 662
662 894 857
895 857 659
857 895 659
659 895 857
896 895 894
895 896 894
894 896 895
897 857 665
857 897 665
665 897 857
898 857 662
857 898 662
662 898 857
899 897 898
897 899 898
898 899 897
900 668 857
668 900 857
857 900 668
901 857 665
857 901 665
665 901 857
902 901 900
901 902 900
900 902 901
903 671 857
671 903 857
857 903 671
904 668 857
668 904 857
857 904 668
905 904 903
904 905 903
903 905 904
906 674 857
674 906 857
857 906 674
907 671 857
671 907 857
857 907 671
908 906 907
906 908 907
907 908 906
909 857 677
857 909 677
677 909 857
910 674 857
674 910 857
857 910 674
911 910 909
910 911 909
909 911 910
912 680 857
680 912 857
857 912 680
913 857 677
857 913 677
677 913 857
914 913 912
913 914 912
912 914 913
915 683 857
683 915 857
857 915 683
916 680 857
680 916 857
857 916 680
917 915 916
915 917 916
916 917 915
918 689 857
689 918 857
857 918 689
919 683 857
683 919 857
857 919 683
920 918 919
918 920 919
919 920 918
921 623 626
623 921 626
626 921 623
922 623 626
623 922 626
626 922 623
923 921 922
921 923 922
922 923 921
924 857 923
857 924 923
923 924 857
925 689 857
689 925 857
857 925 689
926 925 924
925 926 924
924 926 925
927 656 579
656 927 579
579 927 656
928 736 579
736 928 579
579 928 736
929 927 928
927 929 928
928 929 927
930 656 736
656 930 736
736 930 656
931 930 929
930 931 929
929 931 930
932 736 931
736 932 931
931 932 736
933 736 931
736 933 931
931 933 736
934 932 933
932 934 933
933 934 932
935 703 934
703 935 934
934 935 703
936 934 700
934 936 700
700 936 934
937 936 935
936 937 935
935 937 936
938 706 934
706 938 934
934 938 706
939 703 934
703 939 934
934 939 703
940 938 939
938 940 939
939 940 938
941 709 934
709 941 934
934 941 709
942 706 934
706 942 934
934 942 706
943 942 941
942 943 941
941 943 942
944 934 712
934 944 712
712 944 934
945 709 934
709 945 934
934 945 709
946 944 945
944 946 945
945 946 944
947 934 715
934 947 715
715 947 934
948 712 934
712 948 934
934 948 712
949 948 947
948 949 947
947 949 948
950 718 934
718 950 934
934 950 718
951 715 934
715 951 934
934 951 715
952 951 950
951 952 950
950 952 951
953 721 934
721 953 934
934 953 721
954 718 934
718 954 934
934 954 718
955 953 954
953 955 954
954 955 953
956 724 934
724 956 934
934 956 724
957 721 934
721 957 934
934 957 721
958 956 957
956 958 957
957 958 956
959 727 934
727 959 934
934 959 727
960 724 934
724 960 934
934 960 724
961 960 959
960 961 959
959 961 960
962 934 730
934 962 730
730 962 934
963 727 934
727 963 934
934 963 727
964 963 962
963 964 962
962 964 963
965 934 733
934 965 733
733 965 934
966 730 934
730 966 934
934 966 730
967 966 965
966 967 965
965 967 966
968 934 736
934 968 736
736 968 934
969 934 733
934 969 733
733 969 934
970 968 969
968 970 969
969 970 968
971 934 739
934 971 739
739 971 934
972 736 934
736 972 934
934 972 736
973 972 971
972 973 971
971 973 972
974 934 742
934 974 742
742 974 934
975 739 934
739 975 934
934 975 739
976 974 975
974 976 975
975 976 974
977 934 745
934 977 745
745 977 934
978 742 934
742 978 934
934 978 742
979 978 977
978 979 977
977 979 978
980 748 934
748 980 934
934 980 748
981 745 934
745 981 934
934 981 745
982 981 980
981 982 980
980 982 981
983 751 934
751 983 934
934 983 751
984 748 934
748 984 934
934 984 748
985 983 984
983 985 984
984 985 983
986 754 934
754 986 934
934 986 754
987 751 934
751 987 934
934 987 751
988 987 986
987 988 986
986 988 987
989 934 757
934 989 757
757 989 934
990 754 934
754 990 934
934 990 754
991 989 990
989 991 990
990 991 989
992 934 760
934 992 760
760 992 934
993 757 934
757 993 934
934 993 757
994 992 993
992 994 993
993 994 992
995 934 763
934 995 763
763 995 934
996 760 934
760 996 934
934 996 760
997 996 995
996 997 995
995 997 996
998 934 775
934 998 775
775 998 934
999 763 934
763 999 934
934 999 763
1000 999 998
999 1000 998
998 1000 999
1001 703 700
703 1001 700
700 1001 703
1002 700 703
700 1002 703
703 1002 700
1003 1002 1001
1002 1003 1001
1001 1003 1002
1004 706 1003
706 1004 1003
1003 1004 706
1005 706 1003
706 1005 1003
1003 1005 706
1006 1005 1004
1005 1006 1004
1004 1006 1005
1007 1006 745
1006 1007 745
745 1007 1006
1008 745 1006
745 1008 1006
1006 1008 745
1009 1008 1007
1008 1009 1007
1007 1009 1008
1010 934 1009
934 1010 1009
1009 1010 934
1011 775 934
775 1011 934
934 1011 775
1012 1011 1010
1011 1012 1010
1010 1012 1011
1013 816 893
816 1013 893
893 1013 816
1014 973 816
973 1014 816
816 1014 973
1015 1013 1014
1013 1015 1014
1014 1015 1013
1016 973 893
973 1016 893
893 1016 973
1017 1016 1015
1016 1017 1015
1015 1017 1016
1018 1017 816
1017 1018 816
816 1018 1017
1019 816 1017
816 1019 1017
1017 1019 816
1020 1018 1019
1018 1020 1019
1019 1020 1018
1021 1020 789
1020 1021 789
789 1021 1020
1022 786 1020
786 1022 1020
1020 1022 786
1023 1022 1021
1022 1023 1021
1021 1023 1022
1024 792 1020
792 1024 1020
1020 1024 792
1025 789 1020
789 1025 1020
1020 1025 789
1026 1024 1025
1024 1026 1025
1025 1026 1024
1027 795 1020
795 1027 1020
1020 1027 795
1028 792 1020
792 1028 1020
1020 1028 792
1029 1027 1028
1027 1029 1028
1028 1029 1027
1030 798 1020
798 1030 1020
1020 1030 798
1031 795 1020
795 1031 1020
1020 1031 795
1032 1031 1030
1031 1032 1030
1030 1032 1031
1033 1020 801
1020 1033 801
801 1033 1020
1034 798 1020
798 1034 1020
1020 1034 798
1035 1033 1034
1033 1035 1034
1034 1035 1033
1036 1020 804
1020 1036 804
804 1036 1020
1037 1020 801
1020 1037 801
801 1037 1020
1038 1037 1036
1037 1038 1036
1036 1038 1037
1039 1020 807
1020 1039 807
807 1039 1020
1040 1020 804
1020 1040 804
804 1040 1020
1041 1040 1039
1040 1041 1039
1039 1041 1040
1042 1020 810
1020 1042 810
810 1042 1020
1043 807 1020
807 1043 1020
1020 1043 807
1044 1043 1042
1043 1044 1042
1042 1044 1043
1045 1020 813
1020 1045 813
813 1045 1020
1046 810 1020
810 1046 1020
1020 1046 810
1047 1046 1045
1046 1047 1045
1045 1047 1046
1048 1020 816
1020 1048 816
816 1048 1020
1049 813 1020
813 1049 1020
1020 1049 813
1050 1048 1049
1048 1050 1049
1049 1050 1048
1051 1020 819
1020 1051 819
819 1051 1020
1052 816 1020
816 1052 1020
1020 1052 816
1053 1052 1051
1052 1053 1051
1051 1053 1052
1054 1020 822
1020 1054 822
822 1054 1020
1055 1020 819
1020 1055 819
819 1055 1020
1056 1055 1054
1055 1056 1054
1054 1056 1055
1057 825 1020
825 1057 1020
1020 1057 825
1058 822 1020
822 1058 1020
1020 1058 822
1059 1058 1057
1058 1059 1057
1057 1059 1058
1060 1020 828
1020 1060 828
828 1060 1020
1061 825 1020
825 1061 1020
1020 1061 825
1062 1061 1060
1061 1062 1060
1060 1062 1061
1063 1020 831
1020 1063 831
831 1063 1020
1064 828 1020
828 1064 1020
1020 1064 828
1065 1063 1064
1063 1065 1064
1064 1065 1063
1066 834 1020
834 1066 1020
1020 1066 834
1067 831 1020
831 1067 1020
1020 1067 831
1068 1067 1066
1067 1068 1066
1066 1068 1067
1069 1020 837
1020 1069 837
837 1069 1020
1070 834 1020
834 1070 1020
1020 1070 834
1071 1069 1070
1069 1071 1070
1070 1071 1069
1072 1020 849
1020 1072 849
849 1072 1020
1073 837 1020
837 1073 1020
1020 1073 837
1074 1073 1072
1073 1074 1072
1072 1074 1073
1075 786 789
786 1075 789
789 1075 786
1076 786 789
786 1076 789
789 1076 786
1077 1075 1076
1075 1077 1076
1076 1077 1075
1078 1077 792
1077 1078 792
792 1078 1077
1079 792 1077
792 1079 1077
1077 1079 792
1080 1078 1079
1078 1080 1079
1079 1080 1078
1081 1080 801
1080 1081 801
801 1081 1080
1082 1080 801
1080 1082 801
801 1082 1080
1083 1081 1082
1081 1083 1082
1082 1083 1081
1084 1020 1083
1020 1084 1083
1083 1084 1020
1085 849 1020
849 1085 1020
1020 1085 849
1086 1085 1084
1085 1086 1084
1084 1086 1085
1087 816 893
816 1087 893
893 1087 816
1088 973 816
973 1088 816
816 1088 973
1089 1087 1088
1087 1089 1088
1088 1089 1087
1090 973 893
973 1090 893
893 1090 973
1091 1090 1089
1090 1091 1089
1089 1091 1090
1092 1091 893
1091 1092 893
893 1092 1091
1093 893 1091
893 1093 1091
1091 1093 893
1094 1093 1092
1093 1094 1092
1092 1094 1093
1095 863 1094
863 1095 1094
1094 1095 863
1096 860 1094
860 1096 1094
1094 1096 860
1097 1095 1096
1095 1097 1096
1096 1097 1095
1098 866 1094
866 1098 1094
1094 1098 866
1099 863 1094
863 1099 1094
1094 1099 863
1100 1098 1099
1098 1100 1099
1099 1100 1098
1101 869 1094
869 1101 1094
1094 1101 869
1102 866 1094
866 1102 1094
1094 1102 866
1103 1102 1101
1102 1103 1101
1101 1103 1102
1104 872 1094
872 1104 1094
1094 1104 872
1105 869 1094
869 1105 1094
1094 1105 869
1106 1104 1105
1104 1106 1105
1105 1106 1104
1107 875 1094
875 1107 1094
1094 1107 875
1108 872 1094
872 1108 1094
1094 1108 872
1109 1108 1107
1108 1109 1107
1107 1109 1108
1110 878 1094
878 1110 1094
1094 1110 878
1111 875 1094
875 1111 1094
1094 1111 875
1112 1110 1111
1110 1112 1111
1111 1112 1110
1113 881 1094
881 1113 1094
1094 1113 881
1114 878 1094
878 1114 1094
1094 1114 878
1115 1114 1113
1114 1115 1113
1113 1115 1114
1116 884 1094
884 1116 1094
1094 1116 884
1117 881 1094
881 1117 1094
1094 1117 881
1118 1116 1117
1116 1118 1117
1117 1118 1116
1119 1094 887
1094 1119 887
887 1119 1094
1120 884 1094
884 1120 1094
1094 1120 884
1121 1119 1120
1119 1121 1120
1120 1121 1119
1122 890 1094
890 1122 1094
1094 1122 890
1123 887 1094
887 1123 1094
1094 1123 887
1124 1123 1122
1123 1124 1122
1122 1124 1123
1125 893 1094
893 1125 1094
1094 1125 893
1126 890 1094
890 1126 1094
1094 1126 890
1127 1125 1126
1125 1127 1126
1126 1127 1125
1128 896 1094
896 1128 1094
1094 1128 896
1129 893 1094
893 1129 1094
1094 1129 893
1130 1128 1129
1128 1130 1129
1129 1130 1128
1131 899 1094
899 1131 1094
1094 1131 899
1132 896 1094
896 1132 1094
1094 1132 896
1133 1132 1131
1132 1133 1131
1131 1133 1132
1134 902 1094
902 1134 1094
1094 1134 902
1135 899 1094
899 1135 1094
1094 1135 899
1136 1134 1135
1134 1136 1135
1135 1136 1134
1137 905 1094
905 1137 1094
1094 1137 905
1138 902 1094
902 1138 1094
1094 1138 902
1139 1137 1138
1137 1139 1138
1138 1139 1137
1140 908 1094
908 1140 1094
1094 1140 908
1141 905 1094
905 1141 1094
1094 1141 905
1142 1141 1140
1141 1142 1140
1140 1142 1141
1143 911 1094
911 1143 1094
1094 1143 911
1144 908 1094
908 1144 1094
1094 1144 908
1145 1144 1143
1144 1145 1143
1143 1145 1144
1146 914 1094
914 1146 1094
1094 1146 914
1147 911 1094
911 1147 1094
1094 1147 911
1148 1147 1146
1147 1148 1146
1146 1148 1147
1149 1094 917
1094 1149 917
917 1149 1094
1150 914 1094
914 1150 1094
1094 1150 914
1151 1149 1150
1149 1151 1150
1150 1151 1149
1152 920 1094
920 1152 1094
1094 1152 920
1153 1094 917
1094 1153 917
917 1153 1094
1154 1153 1152
1153 1154 1152
1152 1154 1153
1155 926 1094
926 1155 1094
1094 1155 926
1156 920 1094
920 1156 1094
1094 1156 920
1157 1156 1155
1156 1157 1155
1155 1157 1156
1158 860 863
860 1158 863
863 1158 860
1159 860 863
860 1159 863
863 1159 860
1160 1158 1159
1158 1160 1159
1159 1160 1158
1161 1160 1094
1160 1161 1094
1094 1161 1160
1162 926 1094
926 1162 1094
1094 1162 926
1163 1162 1161
1162 1163 1161
1161 1163 1162
1164 816 893
816 1164 893
893 1164 816
1165 973 816
973 1165 816
816 1165 973
1166 1164 1165
1164 1166 1165
1165 1166 1164
1167 973 893
973 1167 893
893 1167 973
1168 1167 1166
1167 1168 1166
1166 1168 1167
1169 1168 973
1168 1169 973
973 1169 1168
1170 973 1168
973 1170 1168
