25 8 4
8 25 4
4 25 8
26 7 3
7 26 3
3 26 7
27 8 4
8 27 4
4 27 8
28 27 25
27 28 25
25 28 27
29 28 26
28 29 26
26 29 28
30 29 25
29 30 25
25 30 29
31 6 2
6 31 2
2 31 6
32 31 28
31 32 28
28 32 31
33 7 3
7 33 3
3 33 7
34 33 26
33 34 26
26 34 33
35 34 32
34 35 32
32 35 34
36 35 30
35 36 30
30 36 35
37 5 1
5 37 1
1 37 5
38 37 28
37 38 28
28 38 37
39 38 34
38 39 34
34 39 38
40 6 2
6 40 2
2 40 6
41 40 31
40 41 31
31 41 40
42 41 39
41 42 39
39 42 41
43 42 36
42 43 36
36 43 42
44 12 4
12 44 4
4 44 12
45 11 3
11 45 3
3 45 11
46 12 4
12 46 4
4 46 12
47 46 44
46 47 44
44 47 46
48 47 45
47 48 45
45 48 47
49 48 44
48 49 44
44 49 48
50 10 2
10 50 2
2 50 10
51 50 47
50 51 47
47 51 50
52 11 3
11 52 3
3 52 11
53 52 45
52 53 45
45 53 52
54 53 51
53 54 51
51 54 53
55 54 49
54 55 49
49 55 54
56 9 1
9 56 1
1 56 9
57 56 47
56 57 47
47 57 56
58 57 53
57 58 53
53 58 57
59 10 2
10 59 2
2 59 10
60 59 50
59 60 50
50 60 59
61 60 58
60 61 58
58 61 60
62 61 55
61 62 55
55 62 61
63 62 43
62 63 43
43 63 62
64 63 43
63 64 43
43 64 63
65 64 63
64 65 63
63 65 64
66 12 8
12 66 8
8 66 12
67 11 7
11 67 7
7 67 11
68 12 8
12 68 8
8 68 12
69 68 66
68 69 66
66 69 68
70 69 67
69 70 67
67 70 69
71 70 66
70 71 66
66 71 70
72 10 6
10 72 6
6 72 10
73 72 69
72 73 69
69 73 72
74 11 7
11 74 7
7 74 11
75 74 67
74 75 67
67 75 74
76 75 73
75 76 73
73 76 75
77 76 71
76 77 71
71 77 76
78 9 5
9 78 5
5 78 9
79 78 69
78 79 69
69 79 78
80 79 75
79 80 75
75 80 79
81 10 6
10 81 6
6 81 10
82 81 72
81 82 72
72 82 81
83 82 80
82 83 80
80 83 82
84 83 77
83 84 77
77 84 83
85 84 65
84 85 65
65 85 84
86 85 64
85 86 64
64 86 85
87 85 63
85 87 63
63 87 85
88 87 85
87 88 85
85 88 87
89 88 86
88 89 86
86 89 88
90 16 12
16 90 12
12 90 16
91 15 11
15 91 11
11 91 15
92 16 12
16 92 12
12 92 16
93 92 90
92 93 90
90 93 92
94 93 91
93 94 91
91 94 93
95 94 90
94 95 90
90 95 94
96 14 10
14 96 10
10 96 14
97 96 93
96 97 93
93 97 96
98 15 11
15 98 11
11 98 15
99 98 91
98 99 91
91 99 98
100 99 97
99 100 97
97 100 99
101 100 95
100 101 95
95 101 100
102 13 9
13 102 9
9 102 13
103 102 93
102 103 93
93 103 102
104 103 99
103 104 99
99 104 103
105 14 10
14 105 10
10 105 14
106 105 96
105 106 96
96 106 105
107 106 104
106 107 104
104 107 106
108 107 101
107 108 101
101 108 107
109 108 89
108 109 89
89 109 108
110 109 86
109 110 86
86 110 109
111 109 88
109 111 88
88 111 109
112 111 109
111 112 109
109 112 111
113 112 110
112 113 110
110 113 112
114 16 4
16 114 4
4 114 16
115 15 3
15 115 3
3 115 15
116 16 4
16 116 4
4 116 16
117 116 114
116 117 114
114 117 116
118 117 115
117 118 115
115 118 117
119 118 114
118 119 114
114 119 118
120 14 2
14 120 2
2 120 14
121 120 117
120 121 117
117 121 120
122 15 3
15 122 3
3 122 15
123 122 115
122 123 115
115 123 122
124 123 121
123 124 121
121 124 123
125 124 119
124 125 119
119 125 124
126 13 1
13 126 1
1 126 13
127 126 117
126 127 117
117 127 126
128 127 123
127 128 123
123 128 127
129 14 2
14 129 2
2 129 14
130 129 120
129 130 120
120 130 129
131 130 128
130 131 128
128 131 130
132 131 125
131 132 125
125 132 131
133 132 113
132 133 113
113 133 132
134 133 110
133 134 110
110 134 133
135 134 133
134 135 133
133 135 134
136 133 112
133 136 112
112 136 133
137 136 133
136 137 133
133 137 136
138 137 135
137 138 135
135 138 137
139 16 8
16 139 8
8 139 16
140 15 7
15 140 7
7 140 15
141 16 8
16 141 8
8 141 16
142 141 139
141 142 139
139 142 141
143 142 140
142 143 140
140 143 142
144 143 139
143 144 139
139 144 143
145 14 6
14 145 6
6 145 14
146 145 142
145 146 142
142 146 145
147 15 7
15 147 7
7 147 15
148 147 140
147 148 140
140 148 147
149 148 146
148 149 146
146 149 148
150 149 144
149 150 144
144 150 149
151 13 5
13 151 5
5 151 13
152 151 142
151 152 142
142 152 151
153 152 148
152 153 148
148 153 152
154 14 6
14 154 6
6 154 14
155 154 145
154 155 145
145 155 154
156 155 153
155 156 153
153 156 155
157 156 150
156 157 150
150 157 156
158 157 138
157 158 138
138 158 157
159 158 135
158 159 135
135 159 158
160 159 158
159 160 158
158 160 159
161 158 137
158 161 137
137 161 158
162 161 158
161 162 158
158 162 161
163 162 160
162 163 160
160 163 162
164 98 93
98 164 93
93 164 98
165 164 92
164 165 92
92 165 164
166 105 93
105 166 93
93 166 105
167 166 99
166 167 99
99 167 166
168 167 165
167 168 165
165 168 167
169 13 9
13 169 9
9 169 13
170 169 93
169 170 93
93 170 169
171 170 99
170 171 99
99 171 170
172 171 106
171 172 106
106 172 171
173 172 168
172 173 168
168 173 172
174 173 163
173 174 163
163 174 173
175 174 160
174 175 160
160 175 174
176 175 174
175 176 174
174 176 175
177 174 162
174 177 162
162 177 174
178 177 174
177 178 174
174 178 177
179 178 176
178 179 176
176 179 178
180 20 4
20 180 4
4 180 20
181 19 3
19 181 3
3 181 19
182 20 4
20 182 4
4 182 20
183 182 180
182 183 180
180 183 182
184 183 181
183 184 181
181 184 183
185 184 180
184 185 180
180 185 184
186 18 2
18 186 2
2 186 18
187 186 183
186 187 183
183 187 186
188 19 3
19 188 3
3 188 19
189 188 181
188 189 181
181 189 188
190 189 187
189 190 187
187 190 189
191 190 185
190 191 185
185 191 190
192 17 1
17 192 1
1 192 17
193 192 183
192 193 183
183 193 192
194 193 189
193 194 189
189 194 193
195 18 2
18 195 2
2 195 18
196 195 186
195 196 186
186 196 195
197 196 194
196 197 194
194 197 196
198 197 191
197 198 191
191 198 197
199 198 179
198 199 179
179 199 198
200 199 176
199 200 176
176 200 199
201 199 178
199 201 178
178 201 199
202 201 200
201 202 200
200 202 201
203 202 199
202 203 199
199 203 202
204 20 8
20 204 8
8 204 20
205 19 7
19 205 7
7 205 19
206 20 8
20 206 8
8 206 20
207 206 204
206 207 204
204 207 206
208 207 205
207 208 205
205 208 207
209 208 204
208 209 204
204 209 208
210 18 6
18 210 6
6 210 18
211 210 207
210 211 207
207 211 210
212 19 7
19 212 7
7 212 19
213 212 205
212 213 205
205 213 212
214 213 211
213 214 211
211 214 213
215 214 209
214 215 209
209 215 214
216 17 5
17 216 5
5 216 17
217 216 207
216 217 207
207 217 216
218 217 213
217 218 213
213 218 217
219 18 6
18 219 6
6 219 18
220 219 210
219 220 210
210 220 219
221 220 218
220 221 218
218 221 220
222 221 215
221 222 215
215 222 221
223 222 203
222 223 203
203 223 222
224 223 199
223 224 199
199 224 223
225 224 223
224 225 223
223 225 224
226 223 200
223 226 200
200 226 223
227 223 201
223 227 201
201 227 223
228 227 226
227 228 226
226 228 227
229 228 225
228 229 225
225 229 228
230 20 12
20 230 12
12 230 20
231 19 11
19 231 11
11 231 19
232 20 12
20 232 12
12 232 20
233 232 230
232 233 230
230 233 232
234 233 231
233 234 231
231 234 233
235 234 230
234 235 230
230 235 234
236 18 10
18 236 10
10 236 18
237 236 233
236 237 233
233 237 236
238 19 11
19 238 11
11 238 19
239 238 231
238 239 231
231 239 238
240 239 237
239 240 237
237 240 239
241 240 235
240 241 235
235 241 240
242 17 9
17 242 9
9 242 17
243 242 233
242 243 233
233 243 242
244 243 239
243 244 239
239 244 243
245 18 10
18 245 10
10 245 18
246 245 236
245 246 236
236 246 245
247 246 244
246 247 244
244 247 246
248 247 241
247 248 241
241 248 247
249 248 229
248 249 229
229 249 248
250 249 225
249 250 225
225 250 249
251 250 249
250 251 249
249 251 250
252 249 226
249 252 226
226 252 249
253 249 227
249 253 227
227 253 249
254 253 252
253 254 252
252 254 253
255 254 251
254 255 251
251 255 254
256 20 16
20 256 16
16 256 20
257 19 15
19 257 15
15 257 19
258 20 16
20 258 16
16 258 20
259 258 256
258 259 256
256 259 258
260 259 257
259 260 257
257 260 259
261 260 256
260 261 256
256 261 260
262 18 14
18 262 14
14 262 18
263 262 259
262 263 259
259 263 262
264 19 15
19 264 15
15 264 19
265 264 257
264 265 257
257 265 264
266 265 263
265 266 263
263 266 265
267 266 261
266 267 261
261 267 266
268 17 13
17 268 13
13 268 17
269 268 259
268 269 259
259 269 268
270 269 265
269 270 265
265 270 269
271 18 14
18 271 14
14 271 18
272 271 262
271 272 262
262 272 271
273 272 270
272 273 270
270 273 272
274 273 267
273 274 267
267 274 273
275 274 255
274 275 255
255 275 274
276 275 251
275 276 251
251 276 275
277 276 275
276 277 275
275 277 276
278 275 252
275 278 252
252 278 275
279 275 253
275 279 253
253 279 275
280 279 278
279 280 278
278 280 279
281 280 277
280 281 277
277 281 280
282 24 20
24 282 20
20 282 24
283 23 19
23 283 19
19 283 23
284 24 20
24 284 20
20 284 24
285 284 282
284 285 282
282 285 284
286 285 283
285 286 283
283 286 285
287 286 282
286 287 282
282 287 286
288 22 18
22 288 18
18 288 22
289 288 285
288 289 285
285 289 288
290 23 19
23 290 19
19 290 23
291 290 283
290 291 283
283 291 290
292 291 289
291 292 289
289 292 291
293 292 287
292 293 287
287 293 292
294 21 17
21 294 17
17 294 21
295 294 285
294 295 285
285 295 294
296 295 291
295 296 291
291 296 295
297 22 18
22 297 18
18 297 22
298 297 288
297 298 288
288 298 297
299 298 296
298 299 296
296 299 298
300 299 293
299 300 293
293 300 299
301 300 281
300 301 281
281 301 300
302 301 277
301 302 277
277 302 301
303 302 301
302 303 301
301 303 302
304 301 278
301 304 278
278 304 301
305 301 279
301 305 279
279 305 301
306 305 304
305 306 304
304 306 305
307 306 303
306 307 303
303 307 306
308 24 4
24 308 4
4 308 24
309 23 3
23 309 3
3 309 23
310 24 4
24 310 4
4 310 24
311 310 308
310 311 308
308 311 310
312 311 309
311 312 309
309 312 311
313 312 308
312 313 308
308 313 312
314 22 2
22 314 2
2 314 22
315 314 311
314 315 311
311 315 314
316 23 3
23 316 3
3 316 23
317 316 309
316 317 309
309 317 316
318 317 315
317 318 315
315 318 317
319 318 313
318 319 313
313 319 318
320 21 1
21 320 1
1 320 21
321 320 311
320 321 311
311 321 320
322 321 317
321 322 317
317 322 321
323 22 2
22 323 2
2 323 22
324 323 314
323 324 314
314 324 323
325 324 322
324 325 322
322 325 324
326 325 319
325 326 319
319 326 325
327 326 307
326 327 307
307 327 326
328 327 303
327 328 303
303 328 327
329 328 327
328 329 327
327 329 328
330 327 304
327 330 304
304 330 327
331 330 327
330 331 327
327 331 330
332 327 305
327 332 305
305 332 327
333 332 331
332 333 331
331 333 332
334 333 329
333 334 329
329 334 333
335 24 8
24 335 8
8 335 24
336 23 7
23 336 7
7 336 23
337 24 8
24 337 8
8 337 24
338 337 335
337 338 335
335 338 337
339 338 336
338 339 336
336 339 338
340 339 335
339 340 335
335 340 339
341 22 6
22 341 6
6 341 22
342 341 338
341 342 338
338 342 341
343 23 7
23 343 7
7 343 23
344 343 336
343 344 336
336 344 343
345 344 342
344 345 342
342 345 344
346 345 340
345 346 340
340 346 345
347 21 5
21 347 5
5 347 21
348 347 338
347 348 338
338 348 347
349 348 344
348 349 344
344 349 348
350 22 6
22 350 6
6 350 22
351 350 341
350 351 341
341 351 350
352 351 349
351 352 349
349 352 351
353 352 346
352 353 346
346 353 352
354 353 334
353 354 334
334 354 353
355 354 329
354 355 329
329 355 354
356 355 354
355 356 354
354 356 355
357 354 331
354 357 331
331 357 354
358 357 354
357 358 354
354 358 357
359 354 332
354 359 332
332 359 354
360 359 358
359 360 358
358 360 359
361 360 356
360 361 356
356 361 360
362 24 12
24 362 12
12 362 24
363 23 11
23 363 11
11 363 23
364 24 12
24 364 12
12 364 24
365 364 362
364 365 362
362 365 364
366 365 363
365 366 363
363 366 365
367 366 362
366 367 362
362 367 366
368 22 10
22 368 10
10 368 22
369 368 365
368 369 365
365 369 368
370 23 11
23 370 11
11 370 23
371 370 363
370 371 363
363 371 370
372 371 369
371 372 369
369 372 371
373 372 367
372 373 367
367 373 372
374 21 9
21 374 9
9 374 21
375 374 365
374 375 365
365 375 374
376 375 371
375 376 371
371 376 375
377 22 10
22 377 10
10 377 22
378 377 368
377 378 368
368 378 377
379 378 376
378 379 376
376 379 378
380 379 373
379 380 373
373 380 379
381 380 361
380 381 361
361 381 380
382 381 356
381 382 356
356 382 381
383 382 381
382 383 381
381 383 382
384 381 358
381 384 358
358 384 381
385 384 381
384 385 381
381 385 384
386 381 359
381 386 359
359 386 381
387 386 385
386 387 385
385 387 386
388 387 383
387 388 383
383 388 387
389 24 16
24 389 16
16 389 24
390 23 15
23 390 15
15 390 23
391 24 16
24 391 16
16 391 24
392 391 389
391 392 389
389 392 391
393 392 390
392 393 390
390 393 392
394 393 389
393 394 389
389 394 393
395 22 14
22 395 14
14 395 22
396 395 392
395 396 392
392 396 395
397 23 15
23 397 15
15 397 23
398 397 390
397 398 390
390 398 397
399 398 396
398 399 396
396 399 398
400 399 394
399 400 394
394 400 399
401 21 13
21 401 13
13 401 21
402 401 392
401 402 392
392 402 401
403 402 398
402 403 398
398 403 402
404 22 14
22 404 14
14 404 22
405 404 395
404 405 395
395 405 404
406 405 403
405 406 403
403 406 405
407 406 400
406 407 400
400 407 406
408 407 388
407 408 388
388 408 407
409 408 383
408 409 383
383 409 408
410 409 408
409 410 408
408 410 409
411 408 385
408 411 385
385 411 408
412 411 408
411 412 408
408 412 411
413 408 386
408 413 386
386 413 408
414 413 412
413 414 412
412 414 413
415 414 410
414 415 410
410 415 414
416 290 285
290 416 285
285 416 290
417 416 284
416 417 284
284 417 416
418 297 285
297 418 285
285 418 297
419 418 291
418 419 291
291 419 418
420 419 417
419 420 417
417 420 419
421 21 17
21 421 17
17 421 21
422 421 285
421 422 285
285 422 421
423 422 291
422 423 291
291 423 422
424 423 298
423 424 298
298 424 423
425 424 420
424 425 420
420 425 424
426 425 415
425 426 415
415 426 425
427 426 410
426 427 410
410 427 426
428 427 426
427 428 426
426 428 427
429 426 412
426 429 412
412 429 426
430 429 426
429 430 426
426 430 429
431 426 413
426 431 413
413 431 426
432 431 430
431 432 430
430 432 431
433 432 428
432 433 428
428 433 432
434 431 430
431 434 430
430 434 431
435 434 428
434 435 428
428 435 434
436 435 13
435 436 13
13 436 435
437 431 430
431 437 430
430 437 431
438 437 428
437 438 428
428 438 437
439 438 9
438 439 9
9 439 438
440 432 428
432 440 428
428 440 432
441 440 5
440 441 5
5 441 440
442 440 1
440 442 1
1 442 440
443 442 441
442 443 441
441 443 442
444 443 438
443 444 438
438 444 443
445 444 439
444 445 439
439 445 444
446 445 435
445 446 435
435 446 445
447 446 436
446 447 436
436 447 446
448 431 430
431 448 430
430 448 431
449 448 428
448 449 428
428 449 448
450 449 447
449 450 447
447 450 449
451 449 17
449 451 17
17 451 449
452 451 450
451 452 450
450 452 451
453 452 433
452 453 433
433 453 452
454 445 435
445 454 435
435 454 445
455 435 13
435 455 13
13 455 435
456 455 454
455 456 454
454 456 455
457 456 449
456 457 449
449 457 456
458 443 438
443 458 438
438 458 443
459 438 9
438 459 9
9 459 438
460 459 458
459 460 458
458 460 459
461 460 435
460 461 435
435 461 460
462 440 1
440 462 1
1 462 440
463 440 5
440 463 5
5 463 440
464 463 462
463 464 462
462 464 463
465 464 438
464 465 438
438 465 464
466 464 438
464 466 438
438 466 464
467 466 465
466 467 465
465 467 466
468 467 435
467 468 435
435 468 467
469 468 461
468 469 461
461 469 468
470 469 449
469 470 449
449 470 469
471 470 457
470 471 457
457 471 470
472 471 433
471 472 433
433 472 471
473 472 453
472 473 453
453 473 472
474 433 24
433 474 24
24 474 433
475 449 20
449 475 20
20 475 449
476 435 16
435 476 16
16 476 435
477 438 12
438 477 12
12 477 438
478 440 8
440 478 8
8 478 440
479 440 4
440 479 4
4 479 440
480 479 478
479 480 478
478 480 479
481 480 438
480 481 438
438 481 480
482 481 477
481 482 477
477 482 481
483 482 435
482 483 435
435 483 482
484 483 476
483 484 476
476 484 483
485 484 449
484 485 449
449 485 484
486 485 475
485 486 475
475 486 485
487 486 433
486 487 433
433 487 486
488 487 474
487 488 474
474 488 487
489 484 449
484 489 449
449 489 484
490 449 20
449 490 20
20 490 449
491 490 489
490 491 489
489 491 490
492 491 433
491 492 433
433 492 491
493 482 435
482 493 435
435 493 482
494 435 16
435 494 16
16 494 435
495 494 493
494 495 493
493 495 494
496 495 449
495 496 449
449 496 495
497 480 438
480 497 438
438 497 480
498 438 12
438 498 12
12 498 438
499 498 497
498 499 497
497 499 498
500 499 435
499 500 435
435 500 499
501 440 4
440 501 4
4 501 440
502 440 8
440 502 8
8 502 440
503 502 501
502 503 501
501 503 502
504 503 438
503 504 438
438 504 503
505 503 438
503 505 438
438 505 503
506 505 504
505 506 504
504 506 505
507 506 435
506 507 435
435 507 506
508 507 500
507 508 500
500 508 507
509 508 449
508 509 449
449 509 508
510 509 496
509 510 496
496 510 509
511 510 433
510 511 433
433 511 510
512 511 492
511 512 492
492 512 511
513 512 488
512 513 488
488 513 512
514 433 23
433 514 23
23 514 433
515 449 19
449 515 19
19 515 449
516 435 15
435 516 15
15 516 435
517 438 11
438 517 11
11 517 438
518 440 7
440 518 7
7 518 440
519 440 3
440 519 3
3 519 440
520 519 518
519 520 518
518 520 519
521 520 438
520 521 438
438 521 520
522 521 517
521 522 517
517 522 521
523 522 435
522 523 435
435 523 522
524 523 516
523 524 516
516 524 523
525 524 449
524 525 449
449 525 524
526 525 515
525 526 515
515 526 525
527 526 433
526 527 433
433 527 526
528 527 514
527 528 514
514 528 527
529 524 449
524 529 449
449 529 524
530 449 19
449 530 19
19 530 449
531 530 529
530 531 529
529 531 530
532 531 433
531 532 433
433 532 531
533 522 435
522 533 435
435 533 522
534 435 15
435 534 15
15 534 435
535 534 533
534 535 533
533 535 534
536 535 449
535 536 449
449 536 535
537 520 438
520 537 438
438 537 520
538 438 11
438 538 11
11 538 438
539 538 537
538 539 537
537 539 538
540 539 435
539 540 435
435 540 539
541 440 3
440 541 3
3 541 440
542 440 7
440 542 7
7 542 440
543 542 541
542 543 541
541 543 542
544 543 438
543 544 438
438 544 543
545 543 438
543 545 438
438 545 543
546 545 544
545 546 544
544 546 545
547 546 435
546 547 435
435 547 546
548 547 540
547 548 540
540 548 547
549 548 449
548 549 449
449 549 548
550 549 536
549 550 536
536 550 549
551 550 433
550 551 433
433 551 550
552 551 532
551 552 532
532 552 551
553 552 528
552 553 528
528 553 552
554 512 488
512 554 488
488 554 512
555 554 513
554 555 513
513 555 554
556 555 553
555 556 553
553 556 555
557 556 513
556 557 513
513 557 556
558 433 22
433 558 22
22 558 433
559 449 18
449 559 18
18 559 449
560 435 14
435 560 14
14 560 435
561 438 10
438 561 10
10 561 438
562 440 6
440 562 6
6 562 440
563 440 2
440 563 2
2 563 440
564 563 562
563 564 562
562 564 563
565 564 438
564 565 438
438 565 564
566 565 561
565 566 561
561 566 565
567 566 435
566 567 435
435 567 566
568 567 560
567 568 560
560 568 567
569 568 449
568 569 449
449 569 568
570 569 559
569 570 559
559 570 569
571 570 433
570 571 433
433 571 570
572 571 558
571 572 558
558 572 571
573 568 449
568 573 449
449 573 568
574 449 18
449 574 18
18 574 449
575 574 573
574 575 573
573 575 574
576 575 433
575 576 433
433 576 575
577 566 435
566 577 435
435 577 566
578 435 14
435 578 14
14 578 435
579 578 577
578 579 577
577 579 578
580 579 449
579 580 449
449 580 579
581 564 438
564 581 438
438 581 564
582 438 10
438 582 10
10 582 438
583 582 581
582 583 581
581 583 582
584 583 435
583 584 435
435 584 583
585 440 2
440 585 2
2 585 440
586 440 6
440 586 6
6 586 440
587 586 585
586 587 585
585 587 586
588 587 438
587 588 438
438 588 587
589 587 438
587 589 438
438 589 587
590 589 588
589 590 588
588 590 589
591 590 435
590 591 435
435 591 590
592 591 584
591 592 584
584 592 591
593 592 449
592 593 449
449 593 592
594 593 580
593 594 580
580 594 593
595 594 433
594 595 433
433 595 594
596 595 576
595 596 576
576 596 595
597 596 572
596 597 572
572 597 596
598 597 555
597 598 555
555 598 597
599 552 528
552 599 528
528 599 552
600 599 553
599 600 553
553 600 599
601 600 598
600 601 598
598 601 600
602 601 557
601 602 557
557 602 601
603 433 21
433 603 21
21 603 433
604 449 17
449 604 17
17 604 449
605 449 447
449 605 447
447 605 449
606 605 604
605 606 604
604 606 605
607 606 433
606 607 433
433 607 606
608 607 603
607 608 603
603 608 607
609 608 473
608 609 473
473 609 608
610 609 555
609 610 555
555 610 609
611 610 600
610 611 600
600 611 610
612 596 572
596 612 572
572 612 596
613 612 597
612 613 597
597 613 612
614 613 611
613 614 611
611 614 613
615 614 602
614 615 602
602 615 614
616 508 449
508 616 449
449 616 508
617 495 449
495 617 449
449 617 495
618 617 616
617 618 616
616 618 617
619 618 433
618 619 433
433 619 618
620 506 435
506 620 435
435 620 506
621 499 435
499 621 435
435 621 499
622 621 620
621 622 620
620 622 621
623 622 449
622 623 449
449 623 622
624 622 449
622 624 449
449 624 622
625 624 623
624 625 623
623 625 624
626 625 433
625 626 433
433 626 625
627 626 619
626 627 619
619 627 626
628 627 488
627 628 488
488 628 627
629 548 449
548 629 449
449 629 548
630 535 449
535 630 449
449 630 535
631 630 629
630 631 629
629 631 630
632 631 433
631 632 433
433 632 631
633 546 435
546 633 435
435 633 546
634 539 435
539 634 435
435 634 539
635 634 633
634 635 633
633 635 634
636 635 449
635 636 449
449 636 635
637 635 449
635 637 449
449 637 635
638 637 636
637 638 636
636 638 637
639 638 433
638 639 433
433 639 638
640 639 632
639 640 632
632 640 639
641 640 528
640 641 528
528 641 640
642 627 488
627 642 488
488 642 627
643 642 628
642 643 628
628 643 642
644 643 641
643 644 641
641 644 643
645 644 628
644 645 628
628 645 644
646 592 449
592 646 449
449 646 592
647 579 449
579 647 449
449 647 579
648 647 646
647 648 646
646 648 647
649 648 433
648 649 433
433 649 648
650 590 435
590 650 435
435 650 590
651 583 435
583 651 435
435 651 583
652 651 650
651 652 650
650 652 651
653 652 449
652 653 449
449 653 652
654 652 449
652 654 449
449 654 652
655 654 653
654 655 653
653 655 654
656 655 433
655 656 433
433 656 655
657 656 649
656 657 649
649 657 656
658 657 572
657 658 572
572 658 657
659 658 643
658 659 643
643 659 658
660 640 528
640 660 528
528 660 640
661 660 641
660 661 641
641 661 660
662 661 659
661 662 659
659 662 661
663 662 645
662 663 645
645 663 662
664 469 449
469 664 449
449 664 469
665 456 449
456 665 449
449 665 456
666 665 664
665 666 664
664 666 665
667 666 433
666 667 433
433 667 666
668 467 435
467 668 435
435 668 467
669 460 435
460 669 435
435 669 460
670 669 668
669 670 668
668 670 669
671 670 449
670 671 449
449 671 670
672 670 449
670 672 449
449 672 670
673 672 671
672 673 671
671 673 672
674 673 433
673 674 433
433 674 673
675 674 667
674 675 667
667 675 674
676 675 608
675 676 608
608 676 675
677 676 643
676 677 643
643 677 676
678 677 661
677 678 661
661 678 677
679 657 572
657 679 572
572 679 657
680 679 658
679 680 658
658 680 679
681 680 678
680 681 678
678 681 680
682 681 663
681 682 663
663 682 681
683 682 615
682 683 615
615 683 682
684 683 615
683 684 615
615 684 683
685 684 683
684 685 683
683 685 684
686 627 512
627 686 512
512 686 627
687 640 552
640 687 552
552 687 640
688 627 512
627 688 512
512 688 627
689 688 686
688 689 686
686 689 688
690 689 687
689 690 687
687 690 689
691 690 686
690 691 686
686 691 690
692 657 596
657 692 596
596 692 657
693 692 689
692 693 689
689 693 692
694 640 552
640 694 552
552 694 640
695 694 687
694 695 687
687 695 694
696 695 693
695 696 693
693 696 695
697 696 691
696 697 691
691 697 696
698 675 473
675 698 473
473 698 675
699 698 689
698 699 689
689 699 698
700 699 695
699 700 695
695 700 699
701 657 596
657 701 596
596 701 657
702 701 692
701 702 692
692 702 701
703 702 700
702 703 700
700 703 702
704 703 697
703 704 697
697 704 703
705 704 685
704 705 685
685 705 704
706 705 684
705 706 684
684 706 705
707 705 683
705 707 683
683 707 705
708 707 705
707 708 705
705 708 707
709 708 706
708 709 706
706 709 708
710 625 433
625 710 433
433 710 625
711 618 433
618 711 433
433 711 618
712 711 710
711 712 710
710 712 711
713 712 627
712 713 627
627 713 712
714 638 433
638 714 433
433 714 638
715 631 433
631 715 433
433 715 631
716 715 714
715 716 714
714 716 715
717 716 640
716 717 640
640 717 716
718 712 627
712 718 627
627 718 712
719 718 713
718 719 713
713 719 718
720 719 717
719 720 717
717 720 719
721 720 713
720 721 713
713 721 720
722 655 433
655 722 433
433 722 655
723 648 433
648 723 433
433 723 648
724 723 722
723 724 722
722 724 723
725 724 657
724 725 657
657 725 724
726 725 719
725 726 719
719 726 725
727 716 640
716 727 640
640 727 716
728 727 717
727 728 717
717 728 727
729 728 726
728 729 726
726 729 728
730 729 721
729 730 721
721 730 729
731 673 433
673 731 433
433 731 673
732 666 433
666 732 433
433 732 666
733 732 731
732 733 731
731 733 732
734 733 675
733 734 675
675 734 733
735 734 719
734 735 719
719 735 734
736 735 728
735 736 728
728 736 735
737 724 657
724 737 657
657 737 724
738 737 725
737 738 725
725 738 737
739 738 736
738 739 736
736 739 738
740 739 730
739 740 730
730 740 739
741 740 709
740 741 709
709 741 740
742 741 706
741 742 706
706 742 741
743 741 708
741 743 708
708 743 741
744 743 741
743 744 741
741 744 743
745 744 742
744 745 742
742 745 744
746 712 488
712 746 488
488 746 712
747 716 528
716 747 528
528 747 716
748 712 488
712 748 488
488 748 712
749 748 746
748 749 746
746 749 748
750 749 747
749 750 747
747 750 749
751 750 746
750 751 746
746 751 750
752 724 572
724 752 572
572 752 724
753 752 749
752 753 749
749 753 752
754 716 528
716 754 528
528 754 716
755 754 747
754 755 747
747 755 754
756 755 753
755 756 753
753 756 755
757 756 751
756 757 751
751 757 756
758 733 608
733 758 608
608 758 733
759 758 749
758 759 749
749 759 758
760 759 755
759 760 755
755 760 759
761 724 572
724 761 572
572 761 724
762 761 752
761 762 752
752 762 761
763 762 760
762 763 760
760 763 762
764 763 757
763 764 757
757 764 763
765 764 745
764 765 745
745 765 764
766 765 742
765 766 742
742 766 765
767 766 765
766 767 765
765 767 766
768 765 744
765 768 744
744 768 765
769 768 765
768 769 765
765 769 768
770 769 767
769 770 767
767 770 769
771 712 512
712 771 512
512 771 712
772 716 552
716 772 552
552 772 716
773 712 512
712 773 512
512 773 712
774 773 771
773 774 771
771 774 773
775 774 772
774 775 772
772 775 774
776 775 771
775 776 771
771 776 775
777 724 596
724 777 596
596 777 724
778 777 774
777 778 774
774 778 777
779 716 552
716 779 552
552 779 716
780 779 772
779 780 772
772 780 779
781 780 778
780 781 778
778 781 780
782 781 776
781 782 776
776 782 781
783 733 473
733 783 473
473 783 733
784 783 774
783 784 774
774 784 783
785 784 780
784 785 780
780 785 784
786 724 596
724 786 596
596 786 724
787 786 777
786 787 777
777 787 786
788 787 785
787 788 785
785 788 787
789 788 782
788 789 782
782 789 788
790 789 770
789 790 770
770 790 789
791 790 767
790 791 767
767 791 790
792 791 790
791 792 790
790 792 791
793 790 769
790 793 769
769 793 790
794 793 790
793 794 790
790 794 793
795 794 792
794 795 792
792 795 794
796 727 719
727 796 719
719 796 727
797 796 718
796 797 718
718 797 796
798 737 719
737 798 719
719 798 737
799 798 728
798 799 728
728 799 798
800 799 797
799 800 797
797 800 799
801 733 675
733 801 675
675 801 733
802 801 719
801 802 719
719 802 801
803 802 728
802 803 728
728 803 802
804 803 738
803 804 738
738 804 803
805 804 800
804 805 800
800 805 804
806 805 795
805 806 795
795 806 805
807 806 792
806 807 792
792 807 806
808 807 806
807 808 806
806 808 807
809 806 794
806 809 794
794 809 806
810 809 806
809 810 806
806 810 809
811 810 808
810 811 808
808 811 810
812 510 433
510 812 433
433 812 510
813 491 433
491 813 433
433 813 491
814 813 812
813 814 812
812 814 813
815 814 488
814 815 488
488 815 814
816 550 433
550 816 433
433 816 550
817 531 433
531 817 433
433 817 531
818 817 816
817 818 816
816 818 817
819 818 528
818 819 528
528 819 818
820 814 488
814 820 488
488 820 814
821 820 815
820 821 815
815 821 820
822 821 819
821 822 819
819 822 821
823 822 815
822 823 815
815 823 822
824 594 433
594 824 433
433 824 594
825 575 433
575 825 433
433 825 575
826 825 824
825 826 824
824 826 825
827 826 572
826 827 572
572 827 826
828 827 821
827 828 821
821 828 827
829 818 528
818 829 528
528 829 818
830 829 819
829 830 819
819 830 829
831 830 828
830 831 828
828 831 830
832 831 823
831 832 823
823 832 831
833 471 433
471 833 433
433 833 471
834 452 433
452 834 433
433 834 452
835 834 833
834 835 833
833 835 834
836 835 608
835 836 608
608 836 835
837 836 821
836 837 821
821 837 836
838 837 830
837 838 830
830 838 837
839 826 572
826 839 572
572 839 826
840 839 827
839 840 827
827 840 839
841 840 838
840 841 838
838 841 840
842 841 832
841 842 832
832 842 841
843 842 811
842 843 811
811 843 842
844 843 808
843 844 808
808 844 843
845 843 810
843 845 810
810 845 843
846 845 844
845 846 844
844 846 845
847 846 843
846 847 843
843 847 846
848 814 512
814 848 512
512 848 814
849 818 552
818 849 552
552 849 818
850 814 512
814 850 512
512 850 814
851 850 848
850 851 848
848 851 850
852 851 849
851 852 849
849 852 851
853 852 848
852 853 848
848 853 852
854 826 596
826 854 596
596 854 826
855 854 851
854 855 851
851 855 854
856 818 552
818 856 552
552 856 818
857 856 849
856 857 849
849 857 856
858 857 855
857 858 855
855 858 857
859 858 853
858 859 853
853 859 858
860 835 473
835 860 473
473 860 835
861 860 851
860 861 851
851 861 860
862 861 857
861 862 857
857 862 861
863 826 596
826 863 596
596 863 826
864 863 854
863 864 854
854 864 863
865 864 862
864 865 862
862 865 864
866 865 859
865 866 859
859 866 865
867 866 847
866 867 847
847 867 866
868 867 843
867 868 843
843 868 867
869 868 867
868 869 867
867 869 868
870 867 844
867 870 844
844 870 867
871 867 845
867 871 845
845 871 867
872 871 870
871 872 870
870 872 871
873 872 869
872 873 869
869 873 872
874 814 627
814 874 627
627 874 814
875 818 640
818 875 640
640 875 818
876 814 627
814 876 627
627 876 814
877 876 874
876 877 874
874 877 876
878 877 875
877 878 875
875 878 877
879 878 874
878 879 874
874 879 878
880 826 657
826 880 657
657 880 826
881 880 877
880 881 877
877 881 880
882 818 640
818 882 640
640 882 818
883 882 875
882 883 875
875 883 882
884 883 881
883 884 881
881 884 883
885 884 879
884 885 879
879 885 884
886 835 675
835 886 675
675 886 835
887 886 877
886 887 877
877 887 886
888 887 883
887 888 883
883 888 887
889 826 657
826 889 657
657 889 826
890 889 880
889 890 880
880 890 889
891 890 888
890 891 888
888 891 890
892 891 885
891 892 885
885 892 891
893 892 873
892 893 873
873 893 892
894 893 869
893 894 869
869 894 893
895 894 893
894 895 893
893 895 894
896 893 870
893 896 870
870 896 893
897 893 871
893 897 871
871 897 893
898 897 896
897 898 896
896 898 897
899 898 895
898 899 895
895 899 898
900 814 712
814 900 712
712 900 814
901 818 716
818 901 716
716 901 818
902 814 712
814 902 712
712 902 814
903 902 900
902 903 900
900 903 902
904 903 901
903 904 901
901 904 903
905 904 900
904 905 900
900 905 904
906 826 724
826 906 724
724 906 826
907 906 903
906 907 903
903 907 906
908 818 716
818 908 716
716 908 818
909 908 901
908 909 901
901 909 908
910 909 907
909 910 907
907 910 909
911 910 905
910 911 905
905 911 910
912 835 733
835 912 733
733 912 835
913 912 903
912 913 903
903 913 912
914 913 909
913 914 909
909 914 913
915 826 724
826 915 724
724 915 826
916 915 906
915 916 906
906 916 915
917 916 914
916 917 914
914 917 916
918 917 911
917 918 911
911 918 917
919 918 899
918 919 899
899 919 918
920 919 895
919 920 895
895 920 919
921 920 919
920 921 919
919 921 920
922 919 896
919 922 896
896 922 919
923 919 897
919 923 897
897 923 919
924 923 922
923 924 922
922 924 923
925 924 921
924 925 921
921 925 924
926 923 922
923 926 922
922 926 923
927 926 921
926 927 921
921 927 926
928 927 473
927 928 473
473 928 927
929 927 608
927 929 608
608 929 927
930 929 928
929 930 928
928 930 929
931 923 922
923 931 922
922 931 923
932 931 921
931 932 921
921 932 931
933 932 930
932 933 930
930 933 932
934 932 675
932 934 675
675 934 932
935 934 933
934 935 933
933 935 934
936 923 922
923 936 922
922 936 923
937 936 921
936 937 921
921 937 936
938 937 935
937 938 935
935 938 937
939 927 608
927 939 608
608 939 927
940 927 473
927 940 473
473 940 927
941 940 939
940 941 939
939 941 940
942 941 932
941 942 932
932 942 941
943 941 932
941 943 932
932 943 941
944 943 942
943 944 942
942 944 943
945 944 937
944 945 937
937 945 944
946 945 938
945 946 938
938 946 945
947 946 925
946 947 925
925 947 946
948 932 675
932 948 675
675 948 932
949 932 930
932 949 930
930 949 932
950 949 948
949 950 948
948 950 949
951 950 937
950 951 937
937 951 950
952 937 733
937 952 733
733 952 937
953 952 951
952 953 951
951 953 952
954 953 925
953 954 925
925 954 953
955 954 947
954 955 947
947 955 954
956 925 814
925 956 814
814 956 925
957 937 712
937 957 712
712 957 937
958 932 627
932 958 627
627 958 932
959 927 512
927 959 512
512 959 927
960 927 488
927 960 488
488 960 927
961 960 959
960 961 959
959 961 960
962 961 932
961 962 932
932 962 961
963 962 958
962 963 958
958 963 962
964 963 937
963 964 937
937 964 963
965 964 957
964 965 957
957 965 964
966 965 925
965 966 925
925 966 965
967 966 956
966 967 956
956 967 966
968 963 937
963 968 937
937 968 963
969 937 712
937 969 712
712 969 937
970 969 968
969 970 968
968 970 969
971 970 925
970 971 925
925 971 970
972 961 932
961 972 932
932 972 961
973 932 627
932 973 627
627 973 932
974 973 972
973 974 972
972 974 973
975 974 937
974 975 937
937 975 974
976 927 488
927 976 488
488 976 927
977 927 512
927 977 512
512 977 927
978 977 976
977 978 976
976 978 977
979 978 932
978 979 932
932 979 978
980 978 932
978 980 932
932 980 978
981 980 979
980 981 979
979 981 980
982 981 937
981 982 937
937 982 981
983 982 975
982 983 975
975 983 982
984 983 925
983 984 925
925 984 983
985 984 971
984 985 971
971 985 984
986 985 967
985 986 967
967 986 985
987 925 818
925 987 818
818 987 925
988 937 716
937 988 716
716 988 937
989 932 640
932 989 640
640 989 932
990 927 552
927 990 552
552 990 927
991 927 528
927 991 528
528 991 927
992 991 990
991 992 990
990 992 991
993 992 932
992 993 932
932 993 992
994 993 989
993 994 989
989 994 993
995 994 937
994 995 937
937 995 994
996 995 988
995 996 988
988 996 995
997 996 925
996 997 925
925 997 996
998 997 987
997 998 987
987 998 997
999 994 937
994 999 937
937 999 994
1000 937 716
937 1000 716
716 1000 937
1001 1000 999
1000 1001 999
999 1001 1000
1002 1001 925
1001 1002 925
925 1002 1001
1003 992 932
992 1003 932
932 1003 992
1004 932 640
932 1004 640
640 1004 932
1005 1004 1003
1004 1005 1003
1003 1005 1004
1006 1005 937
1005 1006 937
937 1006 1005
1007 927 528
927 1007 528
528 1007 927
1008 927 552
927 1008 552
552 1008 927
1009 1008 1007
1008 1009 1007
1007 1009 1008
1010 1009 932
1009 1010 932
932 1010 1009
1011 1009 932
1009 1011 932
932 1011 1009
1012 1011 1010
1011 1012 1010
1010 1012 1011
1013 1012 937
1012 1013 937
937 1013 1012
1014 1013 1006
1013 1014 1006
1006 1014 1013
1015 1014 925
1014 1015 925
925 1015 1014
1016 1015 1002
1015 1016 1002
1002 1016 1015
1017 1016 998
1016 1017 998
998 1017 1016
1018 985 967
985 1018 967
967 1018 985
1019 1018 986
1018 1019 986
986 1019 1018
1020 1019 1017
1019 1020 1017
1017 1020 1019
1021 1020 986
1020 1021 986
986 1021 1020
1022 925 826
925 1022 826
826 1022 925
1023 937 724
937 1023 724
724 1023 937
1024 932 657
932 1024 657
657 1024 932
1025 927 596
927 1025 596
596 1025 927
1026 927 572
927 1026 572
572 1026 927
1027 1026 1025
1026 1027 1025
1025 1027 1026
1028 1027 932
1027 1028 932
932 1028 1027
1029 1028 1024
1028 1029 1024
1024 1029 1028
1030 1029 937
1029 1030 937
937 1030 1029
1031 1030 1023
1030 1031 1023
1023 1031 1030
1032 1031 925
1031 1032 925
925 1032 1031
1033 1032 1022
1032 1033 1022
1022 1033 1032
1034 1029 937
1029 1034 937
937 1034 1029
1035 937 724
937 1035 724
724 1035 937
1036 1035 1034
1035 1036 1034
1034 1036 1035
1037 1036 925
1036 1037 925
925 1037 1036
1038 1027 932
1027 1038 932
932 1038 1027
1039 932 657
932 1039 657
657 1039 932
1040 1039 1038
1039 1040 1038
1038 1040 1039
1041 1040 937
1040 1041 937
937 1041 1040
1042 927 572
927 1042 572
572 1042 927
1043 927 596
927 1043 596
596 1043 927
1044 1043 1042
1043 1044 1042
1042 1044 1043
1045 1044 932
1044 1045 932
932 1045 1044
1046 1044 932
1044 1046 932
932 1046 1044
1047 1046 1045
1046 1047 1045
1045 1047 1046
1048 1047 937
1047 1048 937
937 1048 1047
1049 1048 1041
1048 1049 1041
1041 1049 1048
1050 1049 925
1049 1050 925
925 1050 1049
1051 1050 1037
1050 1051 1037
1037 1051 1050
1052 1051 1033
1051 1052 1033
1033 1052 1051
1053 1052 1019
1052 1053 1019
1019 1053 1052
1054 1016 998
1016 1054 998
998 1054 1016
1055 1054 1017
1054 1055 1017
1017 1055 1054
1056 1055 1053
1055 1056 1053
1053 1056 1055
1057 1056 1021
1056 1057 1021
1021 1057 1056
1058 925 835
925 1058 835
835 1058 925
1059 937 733
937 1059 733
733 1059 937
1060 950 937
950 1060 937
937 1060 950
1061 1060 1059
1060 1061 1059
1059 1061 1060
1062 1061 925
1061 1062 925
925 1062 1061
1063 1062 1058
1062 1063 1058
1058 1063 1062
1064 953 925
953 1064 925
925 1064 953
1065 946 925
946 1065 925
925 1065 946
1066 1065 1064
1065 1066 1064
1064 1066 1065
1067 1066 1063
1066 1067 1063
1063 1067 1066
1068 1067 1019
1067 1068 1019
1019 1068 1067
1069 1068 1055
1068 1069 1055
1055 1069 1068
1070 1051 1033
1051 1070 1033
1033 1070 1051
1071 1070 1052
1070 1071 1052
1052 1071 1070
1072 1071 1069
1071 1072 1069
1069 1072 1071
1073 1072 1057
1072 1073 1057
1057 1073 1072
1074 981 937
981 1074 937
937 1074 981
1075 974 937
974 1075 937
937 1075 974
1076 1075 1074
1075 1076 1074
1074 1076 1075
1077 1076 925
1076 1077 925
925 1077 1076
1078 1076 925
1076 1078 925
925 1078 1076
1079 1078 1077
1078 1079 1077
1077 1079 1078
1080 1079 967
1079 1080 967
967 1080 1079
1081 1012 937
1012 1081 937
937 1081 1012
1082 1005 937
1005 1082 937
937 1082 1005
1083 1082 1081
1082 1083 1081
1081 1083 1082
1084 1083 925
1083 1084 925
925 1084 1083
1085 1083 925
1083 1085 925
925 1085 1083
1086 1085 1084
1085 1086 1084
1084 1086 1085
1087 1086 998
1086 1087 998
998 1087 1086
1088 1079 967
1079 1088 967
967 1088 1079
1089 1088 1080
1088 1089 1080
1080 1089 1088
1090 1089 1087
1089 1090 1087
1087 1090 1089
1091 1090 1080
1090 1091 1080
1080 1091 1090
1092 1047 937
1047 1092 937
937 1092 1047
1093 1040 937
1040 1093 937
937 1093 1040
1094 1093 1092
1093 1094 1092
1092 1094 1093
1095 1094 925
1094 1095 925
925 1095 1094
1096 1094 925
1094 1096 925
925 1096 1094
1097 1096 1095
1096 1097 1095
1095 1097 1096
1098 1097 1033
1097 1098 1033
1033 1098 1097
1099 1098 1089
1098 1099 1089
1089 1099 1098
1100 1086 998
1086 1100 998
998 1100 1086
1101 1100 1087
1100 1101 1087
1087 1101 1100
1102 1101 1099
1101 1102 1099
1099 1102 1101
1103 1102 1091
1102 1103 1091
1091 1103 1102
1104 944 937
944 1104 937
937 1104 944
1105 937 935
937 1105 935
935 1105 937
1106 1105 1104
1105 1106 1104
1104 1106 1105
1107 1106 925
1106 1107 925
925 1107 1106
1108 1106 925
1106 1108 925
925 1108 1106
1109 1108 1107
1108 1109 1107
1107 1109 1108
1110 1109 1063
1109 1110 1063
1063 1110 1109
1111 1110 1089
1110 1111 1089
1089 1111 1110
1112 1111 1101
1111 1112 1101
1101 1112 1111
1113 1097 1033
1097 1113 1033
1033 1113 1097
1114 1113 1098
1113 1114 1098
1098 1114 1113
1115 1114 1112
1114 1115 1112
1112 1115 1114
1116 1115 1103
1115 1116 1103
1103 1116 1115
1117 1116 1073
1116 1117 1073
1073 1117 1116
1118 1117 1073
1117 1118 1073
1073 1118 1117
1119 1118 1117
1118 1119 1117
1117 1119 1118
1120 1079 985
1079 1120 985
985 1120 1079
1121 1086 1016
1086 1121 1016
1016 1121 1086
1122 1079 985
1079 1122 985
985 1122 1079
1123 1122 1120
1122 1123 1120
1120 1123 1122
1124 1123 1121
1123 1124 1121
1121 1124 1123
1125 1124 1120
1124 1125 1120
1120 1125 1124
1126 1097 1051
1097 1126 1051
1051 1126 1097
1127 1126 1123
1126 1127 1123
1123 1127 1126
1128 1086 1016
1086 1128 1016
1016 1128 1086
1129 1128 1121
1128 1129 1121
1121 1129 1128
1130 1129 1127
1129 1130 1127
1127 1130 1129
1131 1130 1125
1130 1131 1125
1125 1131 1130
1132 1109 1066
1109 1132 1066
1066 1132 1109
1133 1132 1123
1132 1133 1123
1123 1133 1132
1134 1133 1129
1133 1134 1129
1129 1134 1133
1135 1097 1051
1097 1135 1051
1051 1135 1097
1136 1135 1126
1135 1136 1126
1126 1136 1135
1137 1136 1134
1136 1137 1134
1134 1137 1136
1138 1137 1131
1137 1138 1131
1131 1138 1137
1139 1138 1119
1138 1139 1119
1119 1139 1138
1140 1139 1118
1139 1140 1118
1118 1140 1139
1141 1139 1117
1139 1141 1117
1117 1141 1139
1142 1141 1139
1141 1142 1139
1139 1142 1141
1143 1142 1140
1142 1143 1140
1140 1143 1142
1144 983 925
983 1144 925
925 1144 983
1145 970 925
970 1145 925
925 1145 970
1146 1145 1144
1145 1146 1144
1144 1146 1145
1147 1146 1079
1146 1147 1079
1079 1147 1146
1148 1014 925
1014 1148 925
925 1148 1014
1149 1001 925
1001 1149 925
925 1149 1001
1150 1149 1148
1149 1150 1148
1148 1150 1149
