29 14 7
14 29 7
7 29 14
30 13 6
13 30 6
6 30 13
31 14 7
14 31 7
7 31 14
32 31 29
31 32 29
29 32 31
33 32 30
32 33 30
30 33 32
34 33 29
33 34 29
29 34 33
35 12 5
12 35 5
5 35 12
36 35 32
35 36 32
32 36 35
37 13 6
13 37 6
6 37 13
38 37 30
37 38 30
30 38 37
39 38 36
38 39 36
36 39 38
40 39 34
39 40 34
34 40 39
41 11 4
11 41 4
4 41 11
42 41 32
41 42 32
32 42 41
43 42 38
42 43 38
38 43 42
44 12 5
12 44 5
5 44 12
45 44 35
44 45 35
35 45 44
46 45 43
45 46 43
43 46 45
47 46 40
46 47 40
40 47 46
48 10 3
10 48 3
3 48 10
49 48 32
48 49 32
32 49 48
50 49 38
49 50 38
38 50 49
51 50 45
50 51 45
45 51 50
52 11 4
11 52 4
4 52 11
53 52 41
52 53 41
41 53 52
54 53 51
53 54 51
51 54 53
55 54 47
54 55 47
47 55 54
56 9 2
9 56 2
2 56 9
57 56 32
56 57 32
32 57 56
58 57 38
57 58 38
38 58 57
59 58 45
58 59 45
45 59 58
60 59 53
59 60 53
53 60 59
61 10 3
10 61 3
3 61 10
62 61 48
61 62 48
48 62 61
63 62 60
62 63 60
60 63 62
64 63 55
63 64 55
55 64 63
65 8 1
8 65 1
1 65 8
66 65 32
65 66 32
32 66 65
67 66 38
66 67 38
38 67 66
68 67 45
67 68 45
45 68 67
69 68 53
68 69 53
53 69 68
70 69 62
69 70 62
62 70 69
71 9 2
9 71 2
2 71 9
72 71 56
71 72 56
56 72 71
73 72 70
72 73 70
70 73 72
74 73 64
73 74 64
64 74 73
75 21 7
21 75 7
7 75 21
76 20 6
20 76 6
6 76 20
77 21 7
21 77 7
7 77 21
78 77 75
77 78 75
75 78 77
79 78 76
78 79 76
76 79 78
80 79 75
79 80 75
75 80 79
81 19 5
19 81 5
5 81 19
82 81 78
81 82 78
78 82 81
83 20 6
20 83 6
6 83 20
84 83 76
83 84 76
76 84 83
85 84 82
84 85 82
82 85 84
86 85 80
85 86 80
80 86 85
87 18 4
18 87 4
4 87 18
88 87 78
87 88 78
78 88 87
89 88 84
88 89 84
84 89 88
90 19 5
19 90 5
5 90 19
91 90 81
90 91 81
81 91 90
92 91 89
91 92 89
89 92 91
93 92 86
92 93 86
86 93 92
94 17 3
17 94 3
3 94 17
95 94 78
94 95 78
78 95 94
96 95 84
95 96 84
84 96 95
97 96 91
96 97 91
91 97 96
98 18 4
18 98 4
4 98 18
99 98 87
98 99 87
87 99 98
100 99 97
99 100 97
97 100 99
101 100 93
100 101 93
93 101 100
102 16 2
16 102 2
2 102 16
103 102 78
102 103 78
78 103 102
104 103 84
103 104 84
84 104 103
105 104 91
104 105 91
91 105 104
106 105 99
105 106 99
99 106 105
107 17 3
17 107 3
3 107 17
108 107 94
107 108 94
94 108 107
109 108 106
108 109 106
106 109 108
110 109 101
109 110 101
101 110 109
111 15 1
15 111 1
1 111 15
112 111 78
111 112 78
78 112 111
113 112 84
112 113 84
84 113 112
114 113 91
113 114 91
91 114 113
115 114 99
114 115 99
99 115 114
116 115 108
115 116 108
108 116 115
117 16 2
16 117 2
2 117 16
118 117 102
117 118 102
102 118 117
119 118 116
118 119 116
116 119 118
120 119 110
119 120 110
110 120 119
121 120 74
120 121 74
74 121 120
122 121 74
121 122 74
74 122 121
123 122 121
122 123 121
121 123 122
124 21 14
21 124 14
14 124 21
125 20 13
20 125 13
13 125 20
126 21 14
21 126 14
14 126 21
127 126 124
126 127 124
124 127 126
128 127 125
127 128 125
125 128 127
129 128 124
128 129 124
124 129 128
130 19 12
19 130 12
12 130 19
131 130 127
130 131 127
127 131 130
132 20 13
20 132 13
13 132 20
133 132 125
132 133 125
125 133 132
134 133 131
133 134 131
131 134 133
135 134 129
134 135 129
129 135 134
136 18 11
18 136 11
11 136 18
137 136 127
136 137 127
127 137 136
138 137 133
137 138 133
133 138 137
139 19 12
19 139 12
12 139 19
140 139 130
139 140 130
130 140 139
141 140 138
140 141 138
138 141 140
142 141 135
141 142 135
135 142 141
143 17 10
17 143 10
10 143 17
144 143 127
143 144 127
127 144 143
145 144 133
144 145 133
133 145 144
146 145 140
145 146 140
140 146 145
147 18 11
18 147 11
11 147 18
148 147 136
147 148 136
136 148 147
149 148 146
148 149 146
146 149 148
150 149 142
149 150 142
142 150 149
151 16 9
16 151 9
9 151 16
152 151 127
151 152 127
127 152 151
153 152 133
152 153 133
133 153 152
154 153 140
153 154 140
140 154 153
155 154 148
154 155 148
148 155 154
156 17 10
17 156 10
10 156 17
157 156 143
156 157 143
143 157 156
158 157 155
157 158 155
155 158 157
159 158 150
158 159 150
150 159 158
160 15 8
15 160 8
8 160 15
161 160 127
160 161 127
127 161 160
162 161 133
161 162 133
133 162 161
163 162 140
162 163 140
140 163 162
164 163 148
163 164 148
148 164 163
165 164 157
164 165 157
157 165 164
166 16 9
16 166 9
9 166 16
167 166 151
166 167 151
151 167 166
168 167 165
167 168 165
165 168 167
169 168 159
168 169 159
159 169 168
170 169 123
169 170 123
123 170 169
171 170 122
170 171 122
122 171 170
172 170 121
170 172 121
121 172 170
173 172 170
172 173 170
170 173 172
174 173 171
173 174 171
171 174 173
175 28 21
28 175 21
21 175 28
176 27 20
27 176 20
20 176 27
177 28 21
28 177 21
21 177 28
178 177 175
177 178 175
175 178 177
179 178 176
178 179 176
176 179 178
180 179 175
179 180 175
175 180 179
181 26 19
26 181 19
19 181 26
182 181 178
181 182 178
178 182 181
183 27 20
27 183 20
20 183 27
184 183 176
183 184 176
176 184 183
185 184 182
184 185 182
182 185 184
186 185 180
185 186 180
180 186 185
187 25 18
25 187 18
18 187 25
188 187 178
187 188 178
178 188 187
189 188 184
188 189 184
184 189 188
190 26 19
26 190 19
19 190 26
191 190 181
190 191 181
181 191 190
192 191 189
191 192 189
189 192 191
193 192 186
192 193 186
186 193 192
194 24 17
24 194 17
17 194 24
195 194 178
194 195 178
178 195 194
196 195 184
195 196 184
184 196 195
197 196 191
196 197 191
191 197 196
198 25 18
25 198 18
18 198 25
199 198 187
198 199 187
187 199 198
200 199 197
199 200 197
197 200 199
201 200 193
200 201 193
193 201 200
202 23 16
23 202 16
16 202 23
203 202 178
202 203 178
178 203 202
204 203 184
203 204 184
184 204 203
205 204 191
204 205 191
191 205 204
206 205 199
205 206 199
199 206 205
207 24 17
24 207 17
17 207 24
208 207 194
207 208 194
194 208 207
209 208 206
208 209 206
206 209 208
210 209 201
209 210 201
201 210 209
211 22 15
22 211 15
15 211 22
212 211 178
211 212 178
178 212 211
213 212 184
212 213 184
184 213 212
214 213 191
213 214 191
191 214 213
215 214 199
214 215 199
199 215 214
216 215 208
215 216 208
208 216 215
217 23 16
23 217 16
16 217 23
218 217 202
217 218 202
202 218 217
219 218 216
218 219 216
216 219 218
220 219 210
219 220 210
210 220 219
221 220 174
220 221 174
174 221 220
222 221 171
221 222 171
171 222 221
223 221 173
221 223 173
173 223 221
224 223 221
223 224 221
221 224 223
225 224 222
224 225 222
222 225 224
226 28 7
28 226 7
7 226 28
227 27 6
27 227 6
6 227 27
228 28 7
28 228 7
7 228 28
229 228 226
228 229 226
226 229 228
230 229 227
229 230 227
227 230 229
231 230 226
230 231 226
226 231 230
232 26 5
26 232 5
5 232 26
233 232 229
232 233 229
229 233 232
234 27 6
27 234 6
6 234 27
235 234 227
234 235 227
227 235 234
236 235 233
235 236 233
233 236 235
237 236 231
236 237 231
231 237 236
238 25 4
25 238 4
4 238 25
239 238 229
238 239 229
229 239 238
240 239 235
239 240 235
235 240 239
241 26 5
26 241 5
5 241 26
242 241 232
241 242 232
232 242 241
243 242 240
242 243 240
240 243 242
244 243 237
243 244 237
237 244 243
245 24 3
24 245 3
3 245 24
246 245 229
245 246 229
229 246 245
247 246 235
246 247 235
235 247 246
248 247 242
247 248 242
242 248 247
249 25 4
25 249 4
4 249 25
250 249 238
249 250 238
238 250 249
251 250 248
250 251 248
248 251 250
252 251 244
251 252 244
244 252 251
253 23 2
23 253 2
2 253 23
254 253 229
253 254 229
229 254 253
255 254 235
254 255 235
235 255 254
256 255 242
255 256 242
242 256 255
257 256 250
256 257 250
250 257 256
258 24 3
24 258 3
3 258 24
259 258 245
258 259 245
245 259 258
260 259 257
259 260 257
257 260 259
261 260 252
260 261 252
252 261 260
262 22 1
22 262 1
1 262 22
263 262 229
262 263 229
229 263 262
264 263 235
263 264 235
235 264 263
265 264 242
264 265 242
242 265 264
266 265 250
265 266 250
250 266 265
267 266 259
266 267 259
259 267 266
268 23 2
23 268 2
2 268 23
269 268 253
268 269 253
253 269 268
270 269 267
269 270 267
267 270 269
271 270 261
270 271 261
261 271 270
272 271 225
271 272 225
225 272 271
273 272 222
272 273 222
222 273 272
274 273 272
273 274 272
272 274 273
275 272 224
272 275 224
224 275 272
276 275 272
275 276 272
272 276 275
277 276 274
276 277 274
274 277 276
278 28 14
28 278 14
14 278 28
279 27 13
27 279 13
13 279 27
280 28 14
28 280 14
14 280 28
281 280 278
280 281 278
278 281 280
282 281 279
281 282 279
279 282 281
283 282 278
282 283 278
278 283 282
284 26 12
26 284 12
12 284 26
285 284 281
284 285 281
281 285 284
286 27 13
27 286 13
13 286 27
287 286 279
286 287 279
279 287 286
288 287 285
287 288 285
285 288 287
289 288 283
288 289 283
283 289 288
290 25 11
25 290 11
11 290 25
291 290 281
290 291 281
281 291 290
292 291 287
291 292 287
287 292 291
293 26 12
26 293 12
12 293 26
294 293 284
293 294 284
284 294 293
295 294 292
294 295 292
292 295 294
296 295 289
295 296 289
289 296 295
297 24 10
24 297 10
10 297 24
298 297 281
297 298 281
281 298 297
299 298 287
298 299 287
287 299 298
300 299 294
299 300 294
294 300 299
301 25 11
25 301 11
11 301 25
302 301 290
301 302 290
290 302 301
303 302 300
302 303 300
300 303 302
304 303 296
303 304 296
296 304 303
305 23 9
23 305 9
9 305 23
306 305 281
305 306 281
281 306 305
307 306 287
306 307 287
287 307 306
308 307 294
307 308 294
294 308 307
309 308 302
308 309 302
302 309 308
310 24 10
24 310 10
10 310 24
311 310 297
310 311 297
297 311 310
312 311 309
311 312 309
309 312 311
313 312 304
312 313 304
304 313 312
314 22 8
22 314 8
8 314 22
315 314 281
314 315 281
281 315 314
316 315 287
315 316 287
287 316 315
317 316 294
316 317 294
294 317 316
318 317 302
317 318 302
302 318 317
319 318 311
318 319 311
311 319 318
320 23 9
23 320 9
9 320 23
321 320 305
320 321 305
305 321 320
322 321 319
321 322 319
319 322 321
323 322 313
322 323 313
313 323 322
324 323 277
323 324 277
277 324 323
325 324 274
324 325 274
274 325 324
326 325 324
325 326 324
324 326 325
327 324 276
324 327 276
276 327 324
328 327 324
327 328 324
324 328 327
329 328 326
328 329 326
326 329 328
330 183 178
183 330 178
178 330 183
331 330 177
330 331 177
177 331 330
332 190 178
190 332 178
178 332 190
333 332 184
332 333 184
184 333 332
334 333 331
333 334 331
331 334 333
335 198 178
198 335 178
178 335 198
336 335 184
335 336 184
184 336 335
337 336 191
336 337 191
191 337 336
338 337 334
337 338 334
334 338 337
339 207 178
207 339 178
178 339 207
340 339 184
339 340 184
184 340 339
341 340 191
340 341 191
191 341 340
342 341 199
341 342 199
199 342 341
343 342 338
342 343 338
338 343 342
344 217 178
217 344 178
178 344 217
345 344 184
344 345 184
184 345 344
346 345 191
345 346 191
191 346 345
347 346 199
346 347 199
199 347 346
348 347 208
347 348 208
208 348 347
349 348 343
348 349 343
343 349 348
350 22 15
22 350 15
15 350 22
351 350 178
350 351 178
178 351 350
352 351 184
351 352 184
184 352 351
353 352 191
352 353 191
191 353 352
354 353 199
353 354 199
199 354 353
355 354 208
354 355 208
208 355 354
356 355 218
355 356 218
218 356 355
357 356 349
356 357 349
349 357 356
358 357 329
357 358 329
329 358 357
359 358 326
358 359 326
326 359 358
360 359 358
359 360 358
358 360 359
361 358 328
358 361 328
328 361 358
362 361 358
361 362 358
358 362 361
363 362 360
362 363 360
360 363 362
364 363 22
363 364 22
22 364 363
365 362 360
362 365 360
360 365 362
366 365 15
365 366 15
15 366 365
367 362 360
362 367 360
360 367 362
368 367 8
367 368 8
8 368 367
369 367 1
367 369 1
1 369 367
370 369 368
369 370 368
368 370 369
371 370 365
370 371 365
365 371 370
372 371 366
371 372 366
366 372 371
373 372 363
372 373 363
363 373 372
374 373 364
373 374 364
364 374 373
375 363 28
363 375 28
28 375 363
376 365 21
365 376 21
21 376 365
377 367 14
367 377 14
14 377 367
378 367 7
367 378 7
7 378 367
379 378 377
378 379 377
377 379 378
380 379 365
379 380 365
365 380 379
381 380 376
380 381 376
376 381 380
382 381 363
381 382 363
363 382 381
383 382 375
382 383 375
375 383 382
384 379 365
379 384 365
365 384 379
385 365 21
365 385 21
21 385 365
386 385 384
385 386 384
384 386 385
387 386 363
386 387 363
363 387 386
388 367 7
367 388 7
7 388 367
389 367 14
367 389 14
14 389 367
390 389 388
389 390 388
388 390 389
391 390 365
390 391 365
365 391 390
392 390 365
390 392 365
365 392 390
393 392 391
392 393 391
391 393 392
394 393 363
393 394 363
363 394 393
395 394 387
394 395 387
387 395 394
396 395 383
395 396 383
383 396 395
397 363 27
363 397 27
27 397 363
398 365 20
365 398 20
20 398 365
399 367 13
367 399 13
13 399 367
400 367 6
367 400 6
6 400 367
401 400 399
400 401 399
399 401 400
402 401 365
401 402 365
365 402 401
403 402 398
402 403 398
398 403 402
404 403 363
403 404 363
363 404 403
405 404 397
404 405 397
397 405 404
406 401 365
401 406 365
365 406 401
407 365 20
365 407 20
20 407 365
408 407 406
407 408 406
406 408 407
409 408 363
408 409 363
363 409 408
410 367 6
367 410 6
6 410 367
411 367 13
367 411 13
13 411 367
412 411 410
411 412 410
410 412 411
413 412 365
412 413 365
365 413 412
414 412 365
412 414 365
365 414 412
415 414 413
414 415 413
413 415 414
416 415 363
415 416 363
363 416 415
417 416 409
416 417 409
409 417 416
418 417 405
417 418 405
405 418 417
419 395 383
395 419 383
383 419 395
420 419 396
419 420 396
396 420 419
421 420 418
420 421 418
418 421 420
422 421 396
421 422 396
396 422 421
423 363 26
363 423 26
26 423 363
424 365 19
365 424 19
19 424 365
425 367 12
367 425 12
12 425 367
426 367 5
367 426 5
5 426 367
427 426 425
426 427 425
425 427 426
428 427 365
427 428 365
365 428 427
429 428 424
428 429 424
424 429 428
430 429 363
429 430 363
363 430 429
431 430 423
430 431 423
423 431 430
432 427 365
427 432 365
365 432 427
433 365 19
365 433 19
19 433 365
434 433 432
433 434 432
432 434 433
435 434 363
434 435 363
363 435 434
436 367 5
367 436 5
5 436 367
437 367 12
367 437 12
12 437 367
438 437 436
437 438 436
436 438 437
439 438 365
438 439 365
365 439 438
440 438 365
438 440 365
365 440 438
441 440 439
440 441 439
439 441 440
442 441 363
441 442 363
363 442 441
443 442 435
442 443 435
435 443 442
444 443 431
443 444 431
431 444 443
445 444 420
444 445 420
420 445 444
446 417 405
417 446 405
405 446 417
447 446 418
446 447 418
418 447 446
448 447 445
447 448 445
445 448 447
449 448 422
448 449 422
422 449 448
450 363 25
363 450 25
25 450 363
451 365 18
365 451 18
18 451 365
452 367 11
367 452 11
11 452 367
453 367 4
367 453 4
4 453 367
454 453 452
453 454 452
452 454 453
455 454 365
454 455 365
365 455 454
456 455 451
455 456 451
451 456 455
457 456 363
456 457 363
363 457 456
458 457 450
457 458 450
450 458 457
459 454 365
454 459 365
365 459 454
460 365 18
365 460 18
18 460 365
461 460 459
460 461 459
459 461 460
462 461 363
461 462 363
363 462 461
463 367 4
367 463 4
4 463 367
464 367 11
367 464 11
11 464 367
465 464 463
464 465 463
463 465 464
466 465 365
465 466 365
365 466 465
467 465 365
465 467 365
365 467 465
468 467 466
467 468 466
466 468 467
469 468 363
468 469 363
363 469 468
470 469 462
469 470 462
462 470 469
471 470 458
470 471 458
458 471 470
472 471 420
471 472 420
420 472 471
473 472 447
472 473 447
447 473 472
474 443 431
443 474 431
431 474 443
475 474 444
474 475 444
444 475 474
476 475 473
475 476 473
473 476 475
477 476 449
476 477 449
449 477 476
478 363 24
363 478 24
24 478 363
479 365 17
365 479 17
17 479 365
480 367 10
367 480 10
10 480 367
481 367 3
367 481 3
3 481 367
482 481 480
481 482 480
480 482 481
483 482 365
482 483 365
365 483 482
484 483 479
483 484 479
479 484 483
485 484 363
484 485 363
363 485 484
486 485 478
485 486 478
478 486 485
487 482 365
482 487 365
365 487 482
488 365 17
365 488 17
17 488 365
489 488 487
488 489 487
487 489 488
490 489 363
489 490 363
363 490 489
491 367 3
367 491 3
3 491 367
492 367 10
367 492 10
10 492 367
493 492 491
492 493 491
491 493 492
494 493 365
493 494 365
365 494 493
495 493 365
493 495 365
365 495 493
496 495 494
495 496 494
494 496 495
497 496 363
496 497 363
363 497 496
498 497 490
497 498 490
490 498 497
499 498 486
498 499 486
486 499 498
500 499 420
499 500 420
420 500 499
501 500 447
500 501 447
447 501 500
502 501 475
501 502 475
475 502 501
503 470 458
470 503 458
458 503 470
504 503 471
503 504 471
471 504 503
505 504 502
504 505 502
502 505 504
506 505 477
505 506 477
477 506 505
507 363 23
363 507 23
23 507 363
508 365 16
365 508 16
16 508 365
509 367 9
367 509 9
9 509 367
510 367 2
367 510 2
2 510 367
511 510 509
510 511 509
509 511 510
512 511 365
511 512 365
365 512 511
513 512 508
512 513 508
508 513 512
514 513 363
513 514 363
363 514 513
515 514 507
514 515 507
507 515 514
516 511 365
511 516 365
365 516 511
517 365 16
365 517 16
16 517 365
518 517 516
517 518 516
516 518 517
519 518 363
518 519 363
363 519 518
520 367 2
367 520 2
2 520 367
521 367 9
367 521 9
9 521 367
522 521 520
521 522 520
520 522 521
523 522 365
522 523 365
365 523 522
524 522 365
522 524 365
365 524 522
525 524 523
524 525 523
523 525 524
526 525 363
525 526 363
363 526 525
527 526 519
526 527 519
519 527 526
528 527 515
527 528 515
515 528 527
529 528 420
528 529 420
420 529 528
530 529 447
529 530 447
447 530 529
531 530 475
530 531 475
475 531 530
532 531 504
531 532 504
504 532 531
533 498 486
498 533 486
486 533 498
534 533 499
533 534 499
499 534 533
535 534 532
534 535 532
532 535 534
536 535 506
535 536 506
506 536 535
537 370 365
370 537 365
365 537 370
538 365 15
365 538 15
15 538 365
539 538 537
538 539 537
537 539 538
540 539 363
539 540 363
363 540 539
541 367 1
367 541 1
1 541 367
542 367 8
367 542 8
8 542 367
543 542 541
542 543 541
541 543 542
544 543 365
543 544 365
365 544 543
545 543 365
543 545 365
365 545 543
546 545 544
545 546 544
544 546 545
547 546 363
546 547 363
363 547 546
548 547 540
547 548 540
540 548 547
549 548 374
548 549 374
374 549 548
550 549 420
549 550 420
420 550 549
551 550 447
550 551 447
447 551 550
552 551 475
551 552 475
475 552 551
553 552 504
552 553 504
504 553 552
554 553 534
553 554 534
534 554 553
555 527 515
527 555 515
515 555 527
556 555 528
555 556 528
528 556 555
557 556 554
556 557 554
554 557 556
558 557 536
557 558 536
536 558 557
559 393 363
393 559 363
363 559 393
560 386 363
386 560 363
363 560 386
561 560 559
560 561 559
559 561 560
562 561 383
561 562 383
383 562 561
563 415 363
415 563 363
363 563 415
564 408 363
408 564 363
363 564 408
565 564 563
564 565 563
563 565 564
566 565 405
565 566 405
405 566 565
567 561 383
561 567 383
383 567 561
568 567 562
567 568 562
562 568 567
569 568 566
568 569 566
566 569 568
570 569 562
569 570 562
562 570 569
571 441 363
441 571 363
363 571 441
572 434 363
434 572 363
363 572 434
573 572 571
572 573 571
571 573 572
574 573 431
573 574 431
431 574 573
575 574 568
574 575 568
568 575 574
576 565 405
565 576 405
405 576 565
577 576 566
576 577 566
566 577 576
578 577 575
577 578 575
575 578 577
579 578 570
578 579 570
570 579 578
580 468 363
468 580 363
363 580 468
581 461 363
461 581 363
363 581 461
582 581 580
581 582 580
580 582 581
583 582 458
582 583 458
458 583 582
584 583 568
583 584 568
568 584 583
585 584 577
584 585 577
577 585 584
586 573 431
573 586 431
431 586 573
587 586 574
586 587 574
574 587 586
588 587 585
587 588 585
585 588 587
589 588 579
588 589 579
579 589 588
590 496 363
496 590 363
363 590 496
591 489 363
489 591 363
363 591 489
592 591 590
591 592 590
590 592 591
593 592 486
592 593 486
486 593 592
594 593 568
593 594 568
568 594 593
595 594 577
594 595 577
577 595 594
596 595 587
595 596 587
587 596 595
597 582 458
582 597 458
458 597 582
598 597 583
597 598 583
583 598 597
599 598 596
598 599 596
596 599 598
600 599 589
599 600 589
589 600 599
601 525 363
525 601 363
363 601 525
602 518 363
518 602 363
363 602 518
603 602 601
602 603 601
601 603 602
604 603 515
603 604 515
515 604 603
605 604 568
604 605 568
568 605 604
606 605 577
605 606 577
577 606 605
607 606 587
606 607 587
587 607 606
608 607 598
607 608 598
598 608 607
609 592 486
592 609 486
486 609 592
610 609 593
609 610 593
593 610 609
611 610 608
610 611 608
608 611 610
612 611 600
611 612 600
600 612 611
613 546 363
546 613 363
363 613 546
614 539 363
539 614 363
363 614 539
615 614 613
614 615 613
613 615 614
616 615 374
615 616 374
374 616 615
617 616 568
616 617 568
568 617 616
618 617 577
617 618 577
577 618 617
619 618 587
618 619 587
587 619 618
620 619 598
619 620 598
598 620 619
621 620 610
620 621 610
610 621 620
622 603 515
603 622 515
515 622 603
623 622 604
622 623 604
604 623 622
624 623 621
623 624 621
621 624 623
625 624 612
624 625 612
612 625 624
626 625 558
625 626 558
558 626 625
627 626 558
626 627 558
558 627 626
628 627 626
627 628 626
626 628 627
629 561 395
561 629 395
395 629 561
630 565 417
565 630 417
417 630 565
631 561 395
561 631 395
395 631 561
632 631 629
631 632 629
629 632 631
633 632 630
632 633 630
630 633 632
634 633 629
633 634 629
629 634 633
635 573 443
573 635 443
443 635 573
636 635 632
635 636 632
632 636 635
637 565 417
565 637 417
417 637 565
638 637 630
637 638 630
630 638 637
639 638 636
638 639 636
636 639 638
640 639 634
639 640 634
634 640 639
641 582 470
582 641 470
470 641 582
642 641 632
641 642 632
632 642 641
643 642 638
642 643 638
638 643 642
644 573 443
573 644 443
443 644 573
645 644 635
644 645 635
635 645 644
646 645 643
645 646 643
643 646 645
647 646 640
646 647 640
640 647 646
648 592 498
592 648 498
498 648 592
649 648 632
648 649 632
632 649 648
650 649 638
649 650 638
638 650 649
651 650 645
650 651 645
645 651 650
652 582 470
582 652 470
470 652 582
653 652 641
652 653 641
641 653 652
654 653 651
653 654 651
651 654 653
655 654 647
654 655 647
647 655 654
656 603 527
603 656 527
527 656 603
657 656 632
656 657 632
632 657 656
658 657 638
657 658 638
638 658 657
659 658 645
658 659 645
645 659 658
660 659 653
659 660 653
653 660 659
661 592 498
592 661 498
498 661 592
662 661 648
661 662 648
648 662 661
663 662 660
662 663 660
660 663 662
664 663 655
663 664 655
655 664 663
665 615 548
615 665 548
548 665 615
666 665 632
665 666 632
632 666 665
667 666 638
666 667 638
638 667 666
668 667 645
667 668 645
645 668 667
669 668 653
668 669 653
653 669 668
670 669 662
669 670 662
662 670 669
671 603 527
603 671 527
527 671 603
672 671 656
671 672 656
656 672 671
673 672 670
672 673 670
670 673 672
674 673 664
673 674 664
664 674 673
675 674 628
674 675 628
628 675 674
676 675 627
675 676 627
627 676 675
677 675 626
675 677 626
626 677 675
678 677 675
677 678 675
675 678 677
679 678 676
678 679 676
676 679 678
680 678 676
678 680 676
676 680 678
681 680 374
680 681 374
374 681 680
682 680 548
680 682 548
548 682 680
683 682 681
682 683 681
681 683 682
684 683 679
683 684 679
679 684 683
685 683 679
683 685 679
679 685 683
686 685 684
685 686 684
684 686 685
687 679 561
679 687 561
561 687 679
688 680 395
680 688 395
395 688 680
689 680 383
680 689 383
383 689 680
690 689 688
689 690 688
688 690 689
691 690 679
690 691 679
679 691 690
692 691 687
691 692 687
687 692 691
693 680 383
680 693 383
383 693 680
694 680 395
680 694 395
395 694 680
695 694 693
694 695 693
693 695 694
696 695 679
695 696 679
679 696 695
697 695 679
695 697 679
679 697 695
698 697 696
697 698 696
696 698 697
699 698 692
698 699 692
692 699 698
700 679 565
679 700 565
565 700 679
701 680 417
680 701 417
417 701 680
702 680 405
680 702 405
405 702 680
703 702 701
702 703 701
701 703 702
704 703 679
703 704 679
679 704 703
705 704 700
704 705 700
700 705 704
706 680 405
680 706 405
405 706 680
707 680 417
680 707 417
417 707 680
708 707 706
707 708 706
706 708 707
709 708 679
708 709 679
679 709 708
710 708 679
708 710 679
679 710 708
711 710 709
710 711 709
709 711 710
712 711 705
711 712 705
705 712 711
713 698 692
698 713 692
692 713 698
714 713 699
713 714 699
699 714 713
715 714 712
714 715 712
712 715 714
716 715 699
715 716 699
699 716 715
717 679 573
679 717 573
573 717 679
718 680 443
680 718 443
443 718 680
719 680 431
680 719 431
431 719 680
720 719 718
719 720 718
718 720 719
721 720 679
720 721 679
679 721 720
722 721 717
721 722 717
717 722 721
723 680 431
680 723 431
431 723 680
724 680 443
680 724 443
443 724 680
725 724 723
724 725 723
723 725 724
726 725 679
725 726 679
679 726 725
727 725 679
725 727 679
679 727 725
728 727 726
727 728 726
726 728 727
729 728 722
728 729 722
722 729 728
730 729 714
729 730 714
714 730 729
731 711 705
711 731 705
705 731 711
732 731 712
731 732 712
712 732 731
733 732 730
732 733 730
730 733 732
734 733 716
733 734 716
716 734 733
735 679 582
679 735 582
582 735 679
736 680 470
680 736 470
470 736 680
737 680 458
680 737 458
458 737 680
738 737 736
737 738 736
736 738 737
739 738 679
738 739 679
679 739 738
740 739 735
739 740 735
735 740 739
741 680 458
680 741 458
458 741 680
742 680 470
680 742 470
470 742 680
743 742 741
742 743 741
741 743 742
744 743 679
743 744 679
679 744 743
745 743 679
743 745 679
679 745 743
746 745 744
745 746 744
744 746 745
747 746 740
746 747 740
740 747 746
748 747 714
747 748 714
714 748 747
749 748 732
748 749 732
732 749 748
750 728 722
728 750 722
722 750 728
751 750 729
750 751 729
729 751 750
752 751 749
751 752 749
749 752 751
753 752 734
752 753 734
734 753 752
754 679 592
679 754 592
592 754 679
755 680 498
680 755 498
498 755 680
756 680 486
680 756 486
486 756 680
757 756 755
756 757 755
755 757 756
758 757 679
757 758 679
679 758 757
759 758 754
758 759 754
754 759 758
760 680 486
680 760 486
486 760 680
761 680 498
680 761 498
498 761 680
762 761 760
761 762 760
760 762 761
763 762 679
762 763 679
679 763 762
764 762 679
762 764 679
679 764 762
765 764 763
764 765 763
763 765 764
766 765 759
765 766 759
759 766 765
767 766 714
766 767 714
714 767 766
768 767 732
767 768 732
732 768 767
769 768 751
768 769 751
751 769 768
770 746 740
746 770 740
740 770 746
771 770 747
770 771 747
747 771 770
772 771 769
771 772 769
769 772 771
773 772 753
772 773 753
753 773 772
774 679 603
679 774 603
603 774 679
775 680 527
680 775 527
527 775 680
776 680 515
680 776 515
515 776 680
777 776 775
776 777 775
775 777 776
778 777 679
777 778 679
679 778 777
779 778 774
778 779 774
774 779 778
780 680 515
680 780 515
515 780 680
781 680 527
680 781 527
527 781 680
782 781 780
781 782 780
780 782 781
783 782 679
782 783 679
679 783 782
784 782 679
782 784 679
679 784 782
785 784 783
784 785 783
783 785 784
786 785 779
785 786 779
779 786 785
787 786 714
786 787 714
714 787 786
788 787 732
787 788 732
732 788 787
789 788 751
788 789 751
751 789 788
790 789 771
789 790 771
771 790 789
791 765 759
765 791 759
759 791 765
792 791 766
791 792 766
766 792 791
793 792 790
792 793 790
790 793 792
794 793 773
793 794 773
773 794 793
795 679 615
679 795 615
615 795 679
796 680 548
680 796 548
548 796 680
797 680 374
680 797 374
374 797 680
798 797 796
797 798 796
796 798 797
799 798 679
798 799 679
679 799 798
800 799 795
799 800 795
795 800 799
801 800 686
800 801 686
686 801 800
802 801 714
801 802 714
714 802 801
803 802 732
802 803 732
732 803 802
804 803 751
803 804 751
751 804 803
805 804 771
804 805 771
771 805 804
806 805 792
805 806 792
792 806 805
807 785 779
785 807 779
779 807 785
808 807 786
807 808 786
786 808 807
809 808 806
808 809 806
806 809 808
810 809 794
809 810 794
794 810 809
811 810 686
810 811 686
686 811 810
812 810 800
810 812 800
800 812 810
813 812 811
812 813 811
811 813 812
814 810 785
810 814 785
785 814 810
815 810 779
810 815 779
779 815 810
816 815 814
815 816 814
814 816 815
817 810 765
810 817 765
765 817 810
818 810 759
810 818 759
759 818 810
819 818 817
818 819 817
817 819 818
820 810 746
810 820 746
746 820 810
821 810 740
810 821 740
740 821 810
822 821 820
821 822 820
820 822 821
823 810 728
810 823 728
728 823 810
824 810 722
810 824 722
722 824 810
825 824 823
824 825 823
823 825 824
826 810 711
810 826 711
711 826 810
827 810 705
810 827 705
705 827 810
828 827 826
827 828 826
826 828 827
829 810 698
810 829 698
698 829 810
830 810 692
810 830 692
692 830 810
831 830 829
830 831 829
829 831 830
832 810 800
810 832 800
800 832 810
833 810 686
810 833 686
686 833 810
834 833 832
833 834 832
832 834 833
835 810 779
810 835 779
779 835 810
836 810 785
810 836 785
785 836 810
837 836 835
836 837 835
835 837 836
838 810 759
810 838 759
759 838 810
839 810 765
810 839 765
765 839 810
840 839 838
839 840 838
838 840 839
841 810 740
810 841 740
740 841 810
842 810 746
810 842 746
746 842 810
843 842 841
842 843 841
841 843 842
844 810 722
810 844 722
722 844 810
845 810 728
810 845 728
728 845 810
846 845 844
845 846 844
844 846 845
847 810 705
810 847 705
705 847 810
848 810 711
810 848 711
711 848 810
849 848 847
848 849 847
847 849 848
850 810 692
810 850 692
692 850 810
851 810 698
810 851 698
698 851 810
852 851 850
851 852 850
850 852 851
853 798 679
798 853 679
679 853 798
854 679 615
679 854 615
615 854 679
855 854 853
854 855 853
853 855 854
856 777 679
777 856 679
679 856 777
857 679 603
679 857 603
603 857 679
858 857 856
857 858 856
856 858 857
859 757 679
757 859 679
679 859 757
860 679 592
679 860 592
592 860 679
861 860 859
860 861 859
859 861 860
862 738 679
738 862 679
679 862 738
863 679 582
679 863 582
582 863 679
864 863 862
863 864 862
862 864 863
865 720 679
720 865 679
679 865 720
866 679 573
679 866 573
573 866 679
867 866 865
866 867 865
865 867 866
868 703 679
703 868 679
679 868 703
869 679 565
679 869 565
565 869 679
870 869 868
869 870 868
868 870 869
871 690 679
690 871 679
679 871 690
872 679 561
679 872 561
561 872 679
873 872 871
872 873 871
871 873 872
874 372 363
372 874 363
363 874 372
875 363 22
363 875 22
22 875 363
876 875 874
875 876 874
874 876 875
877 513 363
513 877 363
363 877 513
878 363 23
363 878 23
23 878 363
879 878 877
878 879 877
877 879 878
880 484 363
484 880 363
363 880 484
881 363 24
363 881 24
24 881 363
882 881 880
881 882 880
880 882 881
883 456 363
456 883 363
363 883 456
884 363 25
363 884 25
25 884 363
885 884 883
884 885 883
883 885 884
886 429 363
429 886 363
363 886 429
887 363 26
363 887 26
26 887 363
888 887 886
887 888 886
886 888 887
889 403 363
403 889 363
363 889 403
890 363 27
363 890 27
27 890 363
891 890 889
890 891 889
889 891 890
892 381 363
381 892 363
363 892 381
893 363 28
363 893 28
28 893 363
894 893 892
893 894 892
892 894 893
895 37 32
37 895 32
32 895 37
896 895 31
895 896 31
31 896 895
897 44 32
44 897 32
32 897 44
898 897 38
897 898 38
38 898 897
899 898 896
898 899 896
896 899 898
900 52 32
52 900 32
32 900 52
901 900 38
900 901 38
38 901 900
902 901 45
901 902 45
45 902 901
903 902 899
902 903 899
899 903 902
904 61 32
61 904 32
32 904 61
905 904 38
904 905 38
38 905 904
906 905 45
905 906 45
45 906 905
907 906 53
906 907 53
53 907 906
908 907 903
907 908 903
903 908 907
909 71 32
71 909 32
32 909 71
910 909 38
909 910 38
38 910 909
911 910 45
910 911 45
45 911 910
912 911 53
911 912 53
53 912 911
913 912 62
912 913 62
62 913 912
914 913 908
913 914 908
908 914 913
915 8 1
8 915 1
1 915 8
916 915 32
915 916 32
32 916 915
917 916 38
916 917 38
38 917 916
918 917 45
917 918 45
45 918 917
919 918 53
918 919 53
53 919 918
920 919 62
919 920 62
62 920 919
921 920 72
920 921 72
72 921 920
922 921 914
921 922 914
914 922 921
923 83 78
83 923 78
78 923 83
924 923 77
923 924 77
77 924 923
925 90 78
90 925 78
78 925 90
926 925 84
925 926 84
84 926 925
927 926 924
926 927 924
924 927 926
928 98 78
98 928 78
78 928 98
929 928 84
928 929 84
84 929 928
930 929 91
929 930 91
91 930 929
931 930 927
930 931 927
927 931 930
932 107 78
107 932 78
78 932 107
933 932 84
932 933 84
84 933 932
934 933 91
933 934 91
91 934 933
935 934 99
934 935 99
99 935 934
936 935 931
935 936 931
931 936 935
937 117 78
117 937 78
78 937 117
938 937 84
937 938 84
84 938 937
939 938 91
938 939 91
91 939 938
940 939 99
939 940 99
99 940 939
941 940 108
940 941 108
108 941 940
942 941 936
941 942 936
936 942 941
943 15 1
15 943 1
1 943 15
944 943 78
943 944 78
78 944 943
945 944 84
944 945 84
84 945 944
946 945 91
945 946 91
91 946 945
947 946 99
946 947 99
99 947 946
948 947 108
947 948 108
108 948 947
949 948 118
948 949 118
118 949 948
950 949 942
949 950 942
942 950 949
951 950 922
950 951 922
922 951 950
952 951 922
951 952 922
922 952 951
953 952 951
952 953 951
951 953 952
954 132 127
132 954 127
127 954 132
955 954 126
954 955 126
126 955 954
956 139 127
139 956 127
127 956 139
957 956 133
956 957 133
133 957 956
958 957 955
957 958 955
955 958 957
959 147 127
147 959 127
127 959 147
960 959 133
959 960 133
133 960 959
961 960 140
960 961 140
140 961 960
962 961 958
961 962 958
958 962 961
963 156 127
156 963 127
127 963 156
964 963 133
963 964 133
133 964 963
965 964 140
964 965 140
140 965 964
966 965 148
965 966 148
148 966 965
967 966 962
966 967 962
962 967 966
968 166 127
166 968 127
127 968 166
969 968 133
968 969 133
133 969 968
970 969 140
969 970 140
140 970 969
971 970 148
970 971 148
148 971 970
972 971 157
971 972 157
157 972 971
973 972 967
972 973 967
967 973 972
974 15 8
15 974 8
8 974 15
975 974 127
974 975 127
127 975 974
976 975 133
975 976 133
133 976 975
977 976 140
976 977 140
140 977 976
978 977 148
977 978 148
148 978 977
979 978 157
978 979 157
157 979 978
980 979 167
979 980 167
167 980 979
981 980 973
980 981 973
973 981 980
982 981 953
981 982 953
953 982 981
983 982 952
982 983 952
952 983 982
984 982 951
982 984 951
951 984 982
985 984 982
984 985 982
982 985 984
986 985 983
985 986 983
983 986 985
987 986 357
986 987 357
357 987 986
988 987 983
987 988 983
983 988 987
989 987 985
987 989 985
985 989 987
990 989 987
989 990 987
987 990 989
991 990 988
990 991 988
988 991 990
992 234 229
234 992 229
229 992 234
993 992 228
992 993 228
228 993 992
994 241 229
241 994 229
229 994 241
995 994 235
994 995 235
235 995 994
996 995 993
995 996 993
993 996 995
997 249 229
249 997 229
229 997 249
998 997 235
997 998 235
235 998 997
999 998 242
998 999 242
242 999 998
1000 999 996
999 1000 996
996 1000 999
1001 258 229
258 1001 229
229 1001 258
1002 1001 235
1001 1002 235
235 1002 1001
1003 1002 242
1002 1003 242
242 1003 1002
1004 1003 250
1003 1004 250
250 1004 1003
1005 1004 1000
1004 1005 1000
1000 1005 1004
1006 268 229
268 1006 229
229 1006 268
1007 1006 235
1006 1007 235
235 1007 1006
1008 1007 242
1007 1008 242
242 1008 1007
1009 1008 250
1008 1009 250
250 1009 1008
1010 1009 259
1009 1010 259
259 1010 1009
1011 1010 1005
1010 1011 1005
1005 1011 1010
1012 22 1
22 1012 1
1 1012 22
1013 1012 229
1012 1013 229
229 1013 1012
1014 1013 235
1013 1014 235
235 1014 1013
1015 1014 242
1014 1015 242
242 1015 1014
1016 1015 250
1015 1016 250
250 1016 1015
1017 1016 259
1016 1017 259
259 1017 1016
1018 1017 269
1017 1018 269
269 1018 1017
1019 1018 1011
1018 1019 1011
1011 1019 1018
1020 1019 991
1019 1020 991
991 1020 1019
1021 1020 988
1020 1021 988
988 1021 1020
1022 1021 1020
1021 1022 1020
1020 1022 1021
1023 1020 990
1020 1023 990
990 1023 1020
1024 1023 1020
1023 1024 1020
1020 1024 1023
1025 1024 1022
1024 1025 1022
1022 1025 1024
1026 286 281
286 1026 281
281 1026 286
1027 1026 280
1026 1027 280
280 1027 1026
1028 293 281
293 1028 281
281 1028 293
1029 1028 287
1028 1029 287
287 1029 1028
1030 1029 1027
1029 1030 1027
1027 1030 1029
1031 301 281
301 1031 281
281 1031 301
1032 1031 287
1031 1032 287
287 1032 1031
1033 1032 294
1032 1033 294
294 1033 1032
1034 1033 1030
1033 1034 1030
1030 1034 1033
1035 310 281
310 1035 281
281 1035 310
1036 1035 287
1035 1036 287
287 1036 1035
1037 1036 294
1036 1037 294
294 1037 1036
1038 1037 302
1037 1038 302
302 1038 1037
1039 1038 1034
1038 1039 1034
1034 1039 1038
1040 320 281
320 1040 281
281 1040 320
1041 1040 287
1040 1041 287
287 1041 1040
1042 1041 294
1041 1042 294
294 1042 1041
1043 1042 302
1042 1043 302
302 1043 1042
1044 1043 311
1043 1044 311
311 1044 1043
1045 1044 1039
1044 1045 1039
1039 1045 1044
1046 22 8
22 1046 8
8 1046 22
1047 1046 281
1046 1047 281
281 1047 1046
1048 1047 287
1047 1048 287
287 1048 1047
1049 1048 294
1048 1049 294
294 1049 1048
1050 1049 302
1049 1050 302
302 1050 1049
1051 1050 311
1050 1051 311
311 1051 1050
1052 1051 321
1051 1052 321
321 1052 1051
1053 1052 1045
1052 1053 1045
1045 1053 1052
1054 1053 1025
1053 1054 1025
1025 1054 1053
1055 1054 1022
1054 1055 1022
1022 1055 1054
1056 1055 1054
1055 1056 1054
1054 1056 1055
1057 1054 1024
1054 1057 1024
1024 1057 1054
1058 1057 1054
1057 1058 1054
1054 1058 1057
1059 1058 1056
1058 1059 1056
1056 1059 1058
1060 1059 220
1059 1060 220
220 1060 1059
1061 1060 1056
1060 1061 1056
1056 1061 1060
1062 1061 1060
1061 1062 1060
1060 1062 1061
1063 1060 1058
1060 1063 1058
1058 1063 1060
1064 1063 1060
1063 1064 1060
1060 1064 1063
1065 1064 1062
1064 1065 1062
1062 1065 1064
1066 1065 22
1065 1066 22
22 1066 1065
1067 1064 1062
1064 1067 1062
1062 1067 1064
1068 1067 15
1067 1068 15
15 1068 1067
1069 1064 1062
1064 1069 1062
1062 1069 1064
1070 1069 8
1069 1070 8
8 1070 1069
1071 1064 1062
1064 1071 1062
1062 1071 1064
1072 1071 1
1071 1072 1
1 1072 1071
1073 1071 1
1071 1073 1
1 1073 1071
1074 1073 1072
1073 1074 1072
1072 1074 1073
1075 1074 1069
1074 1075 1069
1069 1075 1074
1076 1075 1070
1075 1076 1070
1070 1076 1075
1077 1076 1067
1076 1077 1067
1067 1077 1076
1078 1077 1068
1077 1078 1068
1068 1078 1077
1079 1078 1065
1078 1079 1065
1065 1079 1078
1080 1079 1066
1079 1080 1066
1066 1080 1079
1081 1065 23
1065 1081 23
23 1081 1065
1082 1067 16
1067 1082 16
16 1082 1067
1083 1069 9
1069 1083 9
9 1083 1069
1084 1071 2
1071 1084 2
2 1084 1071
1085 1071 2
1071 1085 2
2 1085 1071
1086 1085 1084
1085 1086 1084
1084 1086 1085
1087 1086 1069
1086 1087 1069
1069 1087 1086
1088 1087 1083
1087 1088 1083
1083 1088 1087
1089 1088 1067
1088 1089 1067
1067 1089 1088
1090 1089 1082
1089 1090 1082
1082 1090 1089
1091 1090 1065
1090 1091 1065
1065 1091 1090
1092 1091 1081
1091 1092 1081
1081 1092 1091
1093 1065 24
1065 1093 24
24 1093 1065
1094 1067 17
1067 1094 17
17 1094 1067
1095 1069 10
1069 1095 10
10 1095 1069
1096 1071 3
1071 1096 3
3 1096 1071
1097 1071 3
1071 1097 3
3 1097 1071
1098 1097 1096
1097 1098 1096
1096 1098 1097
1099 1098 1069
1098 1099 1069
1069 1099 1098
1100 1099 1095
1099 1100 1095
1095 1100 1099
1101 1100 1067
1100 1101 1067
1067 1101 1100
1102 1101 1094
1101 1102 1094
1094 1102 1101
1103 1102 1065
1102 1103 1065
1065 1103 1102
1104 1103 1093
1103 1104 1093
1093 1104 1103
1105 1065 25
1065 1105 25
25 1105 1065
1106 1067 18
1067 1106 18
18 1106 1067
1107 1069 11
1069 1107 11
11 1107 1069
1108 1071 4
1071 1108 4
4 1108 1071
1109 1071 4
1071 1109 4
4 1109 1071
1110 1109 1108
1109 1110 1108
1108 1110 1109
1111 1110 1069
1110 1111 1069
1069 1111 1110
1112 1111 1107
1111 1112 1107
1107 1112 1111
1113 1112 1067
1112 1113 1067
1067 1113 1112
1114 1113 1106
1113 1114 1106
1106 1114 1113
1115 1114 1065
1114 1115 1065
1065 1115 1114
1116 1115 1105
1115 1116 1105
1105 1116 1115
1117 1065 26
1065 1117 26
26 1117 1065
1118 1067 19
1067 1118 19
19 1118 1067
1119 1069 12
1069 1119 12
12 1119 1069
1120 1071 5
1071 1120 5
5 1120 1071
1121 1071 5
1071 1121 5
5 1121 1071
1122 1121 1120
1121 1122 1120
1120 1122 1121
1123 1122 1069
1122 1123 1069
1069 1123 1122
1124 1123 1119
1123 1124 1119
1119 1124 1123
1125 1124 1067
1124 1125 1067
1067 1125 1124
1126 1125 1118
1125 1126 1118
1118 1126 1125
1127 1126 1065
1126 1127 1065
1065 1127 1126
1128 1127 1117
1127 1128 1117
1117 1128 1127
1129 1065 27
1065 1129 27
27 1129 1065
1130 1067 20
1067 1130 20
20 1130 1067
1131 1069 13
1069 1131 13
13 1131 1069
1132 1071 6
1071 1132 6
6 1132 1071
1133 1071 6
1071 1133 6
6 1133 1071
1134 1133 1132
1133 1134 1132
1132 1134 1133
1135 1134 1069
1134 1135 1069
1069 1135 1134
1136 1135 1131
1135 1136 1131
1131 1136 1135
1137 1136 1067
1136 1137 1067
1067 1137 1136
1138 1137 1130
1137 1138 1130
1130 1138 1137
1139 1138 1065
1138 1139 1065
1065 1139 1138
1140 1139 1129
1139 1140 1129
1129 1140 1139
1141 1065 28
1065 1141 28
28 1141 1065
1142 1067 21
1067 1142 21
21 1142 1067
1143 1069 14
1069 1143 14
14 1143 1069
1144 1071 7
1071 1144 7
7 1144 1071
1145 1071 7
1071 1145 7
7 1145 1071
1146 1145 1144
1145 1146 1144
1144 1146 1145
1147 1146 1069
1146 1147 1069
1069 1147 1146
1148 1147 1143
1147 1148 1143
1143 1148 1147
1149 1148 1067
1148 1149 1067
1067 1149 1148
1150 1149 1142
1149 1150 1142
1142 1150 1149
1151 1150 1065
1150 1151 1065
1065 1151 1150
1152 1151 1141
1151 1152 1141
1141 1152 1151
1153 1078 1065
1078 1153 1065
1065 1153 1078
1154 1065 22
1065 1154 22
22 1154 1065
1155 1154 1153
1154 1155 1153
1153 1155 1154
1156 1146 1069
1146 1156 1069
