25 8 4
8 25 4
4 25 8
26 7 3
7 26 3
3 26 7
27 8 4
8 27 4
4 27 8
28 27 25
27 28 25
25 28 27
29 28 26
28 29 26
26 29 28
30 29 25
29 30 25
25 30 29
31 6 2
6 31 2
2 31 6
32 31 28
31 32 28
28 32 31
33 7 3
7 33 3
3 33 7
34 33 26
33 34 26
26 34 33
35 34 32
34 35 32
32 35 34
36 35 30
35 36 30
30 36 35
37 5 1
5 37 1
1 37 5
38 37 28
37 38 28
28 38 37
39 38 34
38 39 34
34 39 38
40 6 2
6 40 2
2 40 6
41 40 31
40 41 31
31 41 40
42 41 39
41 42 39
39 42 41
43 42 36
42 43 36
36 43 42
44 12 4
12 44 4
4 44 12
45 11 3
11 45 3
3 45 11
46 12 4
12 46 4
4 46 12
47 46 44
46 47 44
44 47 46
48 47 45
47 48 45
45 48 47
49 48 44
48 49 44
44 49 48
50 10 2
10 50 2
2 50 10
51 50 47
50 51 47
47 51 50
52 11 3
11 52 3
3 52 11
53 52 45
52 53 45
45 53 52
54 53 51
53 54 51
51 54 53
55 54 49
54 55 49
49 55 54
56 9 1
9 56 1
1 56 9
57 56 47
56 57 47
47 57 56
58 57 53
57 58 53
53 58 57
59 10 2
10 59 2
2 59 10
60 59 50
59 60 50
50 60 59
61 60 58
60 61 58
58 61 60
62 61 55
61 62 55
55 62 61
63 62 43
62 63 43
43 63 62
64 63 43
63 64 43
43 64 63
65 64 63
64 65 63
63 65 64
66 12 8
12 66 8
8 66 12
67 11 7
11 67 7
7 67 11
68 12 8
12 68 8
8 68 12
69 68 66
68 69 66
66 69 68
70 69 67
69 70 67
67 70 69
71 70 66
70 71 66
66 71 70
72 10 6
10 72 6
6 72 10
73 72 69
72 73 69
69 73 72
74 11 7
11 74 7
7 74 11
75 74 67
74 75 67
67 75 74
76 75 73
75 76 73
73 76 75
77 76 71
76 77 71
71 77 76
78 9 5
9 78 5
5 78 9
79 78 69
78 79 69
69 79 78
80 79 75
79 80 75
75 80 79
81 10 6
10 81 6
6 81 10
82 81 72
81 82 72
72 82 81
83 82 80
82 83 80
80 83 82
84 83 77
83 84 77
77 84 83
85 84 65
84 85 65
65 85 84
86 85 64
85 86 64
64 86 85
87 85 63
85 87 63
63 87 85
88 87 85
87 88 85
85 88 87
89 88 86
88 89 86
86 89 88
90 16 12
16 90 12
12 90 16
91 15 11
15 91 11
11 91 15
92 16 12
16 92 12
12 92 16
93 92 90
92 93 90
90 93 92
94 93 91
93 94 91
91 94 93
95 94 90
94 95 90
90 95 94
96 14 10
14 96 10
10 96 14
97 96 93
96 97 93
93 97 96
98 15 11
15 98 11
11 98 15
99 98 91
98 99 91
91 99 98
100 99 97
99 100 97
97 100 99
101 100 95
100 101 95
95 101 100
102 13 9
13 102 9
9 102 13
103 102 93
102 103 93
93 103 102
104 103 99
103 104 99
99 104 103
105 14 10
14 105 10
10 105 14
106 105 96
105 106 96
96 106 105
107 106 104
106 107 104
104 107 106
108 107 101
107 108 101
101 108 107
109 108 89
108 109 89
89 109 108
110 109 86
109 110 86
86 110 109
111 109 88
109 111 88
88 111 109
112 111 109
111 112 109
109 112 111
113 112 110
112 113 110
110 113 112
114 16 4
16 114 4
4 114 16
115 15 3
15 115 3
3 115 15
116 16 4
16 116 4
4 116 16
117 116 114
116 117 114
114 117 116
118 117 115
117 118 115
115 118 117
119 118 114
118 119 114
114 119 118
120 14 2
14 120 2
2 120 14
121 120 117
120 121 117
117 121 120
122 15 3
15 122 3
3 122 15
123 122 115
122 123 115
115 123 122
124 123 121
123 124 121
121 124 123
125 124 119
124 125 119
119 125 124
126 13 1
13 126 1
1 126 13
127 126 117
126 127 117
117 127 126
128 127 123
127 128 123
123 128 127
129 14 2
14 129 2
2 129 14
130 129 120
129 130 120
120 130 129
131 130 128
130 131 128
128 131 130
132 131 125
131 132 125
125 132 131
133 132 113
132 133 113
113 133 132
134 133 110
133 134 110
110 134 133
135 134 133
134 135 133
133 135 134
136 133 112
133 136 112
112 136 133
137 136 133
136 137 133
133 137 136
138 137 135
137 138 135
135 138 137
139 16 8
16 139 8
8 139 16
140 15 7
15 140 7
7 140 15
141 16 8
16 141 8
8 141 16
142 141 139
141 142 139
139 142 141
143 142 140
142 143 140
140 143 142
144 143 139
143 144 139
139 144 143
145 14 6
14 145 6
6 145 14
146 145 142
145 146 142
142 146 145
147 15 7
15 147 7
7 147 15
148 147 140
147 148 140
140 148 147
149 148 146
148 149 146
146 149 148
150 149 144
149 150 144
144 150 149
151 13 5
13 151 5
5 151 13
152 151 142
151 152 142
142 152 151
153 152 148
152 153 148
148 153 152
154 14 6
14 154 6
6 154 14
155 154 145
154 155 145
145 155 154
156 155 153
155 156 153
153 156 155
157 156 150
156 157 150
150 157 156
158 157 138
157 158 138
138 158 157
159 158 135
158 159 135
135 159 158
160 159 158
159 160 158
158 160 159
161 158 137
158 161 137
137 161 158
162 161 158
161 162 158
158 162 161
163 162 160
162 163 160
160 163 162
164 98 93
98 164 93
93 164 98
165 164 92
164 165 92
92 165 164
166 105 93
105 166 93
93 166 105
167 166 99
166 167 99
99 167 166
168 167 165
167 168 165
165 168 167
169 13 9
13 169 9
9 169 13
170 169 93
169 170 93
93 170 169
171 170 99
170 171 99
99 171 170
172 171 106
171 172 106
106 172 171
173 172 168
172 173 168
168 173 172
174 173 163
173 174 163
163 174 173
175 174 160
174 175 160
160 175 174
176 175 174
175 176 174
174 176 175
177 174 162
174 177 162
162 177 174
178 177 174
177 178 174
174 178 177
179 178 176
178 179 176
176 179 178
180 20 4
20 180 4
4 180 20
181 19 3
19 181 3
3 181 19
182 20 4
20 182 4
4 182 20
183 182 180
182 183 180
180 183 182
184 183 181
183 184 181
181 184 183
185 184 180
184 185 180
180 185 184
186 18 2
18 186 2
2 186 18
187 186 183
186 187 183
183 187 186
188 19 3
19 188 3
3 188 19
189 188 181
188 189 181
181 189 188
190 189 187
189 190 187
187 190 189
191 190 185
190 191 185
185 191 190
192 17 1
17 192 1
1 192 17
193 192 183
192 193 183
183 193 192
194 193 189
193 194 189
189 194 193
195 18 2
18 195 2
2 195 18
196 195 186
195 196 186
186 196 195
197 196 194
196 197 194
194 197 196
198 197 191
197 198 191
191 198 197
199 198 179
198 199 179
179 199 198
200 199 176
199 200 176
176 200 199
201 199 178
199 201 178
178 201 199
202 201 200
201 202 200
200 202 201
203 202 199
202 203 199
199 203 202
204 20 8
20 204 8
8 204 20
205 19 7
19 205 7
7 205 19
206 20 8
20 206 8
8 206 20
207 206 204
206 207 204
204 207 206
208 207 205
207 208 205
205 208 207
209 208 204
208 209 204
204 209 208
210 18 6
18 210 6
6 210 18
211 210 207
210 211 207
207 211 210
212 19 7
19 212 7
7 212 19
213 212 205
212 213 205
205 213 212
214 213 211
213 214 211
211 214 213
215 214 209
214 215 209
209 215 214
216 17 5
17 216 5
5 216 17
217 216 207
216 217 207
207 217 216
218 217 213
217 218 213
213 218 217
219 18 6
18 219 6
6 219 18
220 219 210
219 220 210
210 220 219
221 220 218
220 221 218
218 221 220
222 221 215
221 222 215
215 222 221
223 222 203
222 223 203
203 223 222
224 223 199
223 224 199
199 224 223
225 224 223
224 225 223
223 225 224
226 223 200
223 226 200
200 226 223
227 223 201
223 227 201
201 227 223
228 227 226
227 228 226
226 228 227
229 228 225
228 229 225
225 229 228
230 20 12
20 230 12
12 230 20
231 19 11
19 231 11
11 231 19
232 20 12
20 232 12
12 232 20
233 232 230
232 233 230
230 233 232
234 233 231
233 234 231
231 234 233
235 234 230
234 235 230
230 235 234
236 18 10
18 236 10
10 236 18
237 236 233
236 237 233
233 237 236
238 19 11
19 238 11
11 238 19
239 238 231
238 239 231
231 239 238
240 239 237
239 240 237
237 240 239
241 240 235
240 241 235
235 241 240
242 17 9
17 242 9
9 242 17
243 242 233
242 243 233
233 243 242
244 243 239
243 244 239
239 244 243
245 18 10
18 245 10
10 245 18
246 245 236
245 246 236
236 246 245
247 246 244
246 247 244
244 247 246
248 247 241
247 248 241
241 248 247
249 248 229
248 249 229
229 249 248
250 249 225
249 250 225
225 250 249
251 250 249
250 251 249
249 251 250
252 249 226
249 252 226
226 252 249
253 249 227
249 253 227
227 253 249
254 253 252
253 254 252
252 254 253
255 254 251
254 255 251
251 255 254
256 20 16
20 256 16
16 256 20
257 19 15
19 257 15
15 257 19
258 20 16
20 258 16
16 258 20
259 258 256
258 259 256
256 259 258
260 259 257
259 260 257
257 260 259
261 260 256
260 261 256
256 261 260
262 18 14
18 262 14
14 262 18
263 262 259
262 263 259
259 263 262
264 19 15
19 264 15
15 264 19
265 264 257
264 265 257
257 265 264
266 265 263
265 266 263
263 266 265
267 266 261
266 267 261
261 267 266
268 17 13
17 268 13
13 268 17
269 268 259
268 269 259
259 269 268
270 269 265
269 270 265
265 270 269
271 18 14
18 271 14
14 271 18
272 271 262
271 272 262
262 272 271
273 272 270
272 273 270
270 273 272
274 273 267
273 274 267
267 274 273
275 274 255
274 275 255
255 275 274
276 275 251
275 276 251
251 276 275
277 276 275
276 277 275
275 277 276
278 275 252
275 278 252
252 278 275
279 275 253
275 279 253
253 279 275
280 279 278
279 280 278
278 280 279
281 280 277
280 281 277
277 281 280
282 24 20
24 282 20
20 282 24
283 23 19
23 283 19
19 283 23
284 24 20
24 284 20
20 284 24
285 284 282
284 285 282
282 285 284
286 285 283
285 286 283
283 286 285
287 286 282
286 287 282
282 287 286
288 22 18
22 288 18
18 288 22
289 288 285
288 289 285
285 289 288
290 23 19
23 290 19
19 290 23
291 290 283
290 291 283
283 291 290
292 291 289
291 292 289
289 292 291
293 292 287
292 293 287
287 293 292
294 21 17
21 294 17
17 294 21
295 294 285
294 295 285
285 295 294
296 295 291
295 296 291
291 296 295
297 22 18
22 297 18
18 297 22
298 297 288
297 298 288
288 298 297
299 298 296
298 299 296
296 299 298
300 299 293
299 300 293
293 300 299
301 300 281
300 301 281
281 301 300
302 301 277
301 302 277
277 302 301
303 302 301
302 303 301
301 303 302
304 301 278
301 304 278
278 304 301
305 301 279
301 305 279
279 305 301
306 305 304
305 306 304
304 306 305
307 306 303
306 307 303
303 307 306
308 24 4
24 308 4
4 308 24
309 23 3
23 309 3
3 309 23
310 24 4
24 310 4
4 310 24
311 310 308
310 311 308
308 311 310
312 311 309
311 312 309
309 312 311
313 312 308
312 313 308
308 313 312
314 22 2
22 314 2
2 314 22
315 314 311
314 315 311
311 315 314
316 23 3
23 316 3
3 316 23
317 316 309
316 317 309
309 317 316
318 317 315
317 318 315
315 318 317
319 318 313
318 319 313
313 319 318
320 21 1
21 320 1
1 320 21
321 320 311
320 321 311
311 321 320
322 321 317
321 322 317
317 322 321
323 22 2
22 323 2
2 323 22
324 323 314
323 324 314
314 324 323
325 324 322
324 325 322
322 325 324
326 325 319
325 326 319
319 326 325
327 326 307
326 327 307
307 327 326
328 327 303
327 328 303
303 328 327
329 328 327
328 329 327
327 329 328
330 327 304
327 330 304
304 330 327
331 330 327
330 331 327
327 331 330
332 327 305
327 332 305
305 332 327
333 332 331
332 333 331
331 333 332
334 333 329
333 334 329
329 334 333
335 24 8
24 335 8
8 335 24
336 23 7
23 336 7
7 336 23
337 24 8
24 337 8
8 337 24
338 337 335
337 338 335
335 338 337
339 338 336
338 339 336
336 339 338
340 339 335
339 340 335
335 340 339
341 22 6
22 341 6
6 341 22
342 341 338
341 342 338
338 342 341
343 23 7
23 343 7
7 343 23
344 343 336
343 344 336
336 344 343
345 344 342
344 345 342
342 345 344
346 345 340
345 346 340
340 346 345
347 21 5
21 347 5
5 347 21
348 347 338
347 348 338
338 348 347
349 348 344
348 349 344
344 349 348
350 22 6
22 350 6
6 350 22
351 350 341
350 351 341
341 351 350
352 351 349
351 352 349
349 352 351
353 352 346
352 353 346
346 353 352
354 353 334
353 354 334
334 354 353
355 354 329
354 355 329
329 355 354
356 355 354
355 356 354
354 356 355
357 354 331
354 357 331
331 357 354
358 357 354
357 358 354
354 358 357
359 354 332
354 359 332
332 359 354
360 359 358
359 360 358
358 360 359
361 360 356
360 361 356
356 361 360
362 24 12
24 362 12
12 362 24
363 23 11
23 363 11
11 363 23
364 24 12
24 364 12
12 364 24
365 364 362
364 365 362
362 365 364
366 365 363
365 366 363
363 366 365
367 366 362
366 367 362
362 367 366
368 22 10
22 368 10
10 368 22
369 368 365
368 369 365
365 369 368
370 23 11
23 370 11
11 370 23
371 370 363
370 371 363
363 371 370
372 371 369
371 372 369
369 372 371
373 372 367
372 373 367
367 373 372
374 21 9
21 374 9
9 374 21
375 374 365
374 375 365
365 375 374
376 375 371
375 376 371
371 376 375
377 22 10
22 377 10
10 377 22
378 377 368
377 378 368
368 378 377
379 378 376
378 379 376
376 379 378
380 379 373
379 380 373
373 380 379
381 380 361
380 381 361
361 381 380
382 381 356
381 382 356
356 382 381
383 382 381
382 383 381
381 383 382
384 381 358
381 384 358
358 384 381
385 384 381
384 385 381
381 385 384
386 381 359
381 386 359
359 386 381
387 386 385
386 387 385
385 387 386
388 387 383
387 388 383
383 388 387
389 24 16
24 389 16
16 389 24
390 23 15
23 390 15
15 390 23
391 24 16
24 391 16
16 391 24
392 391 389
391 392 389
389 392 391
393 392 390
392 393 390
390 393 392
394 393 389
393 394 389
389 394 393
395 22 14
22 395 14
14 395 22
396 395 392
395 396 392
392 396 395
397 23 15
23 397 15
15 397 23
398 397 390
397 398 390
390 398 397
399 398 396
398 399 396
396 399 398
400 399 394
399 400 394
394 400 399
401 21 13
21 401 13
13 401 21
402 401 392
401 402 392
392 402 401
403 402 398
402 403 398
398 403 402
404 22 14
22 404 14
14 404 22
405 404 395
404 405 395
395 405 404
406 405 403
405 406 403
403 406 405
407 406 400
406 407 400
400 407 406
408 407 388
407 408 388
388 408 407
409 408 383
408 409 383
383 409 408
410 409 408
409 410 408
408 410 409
411 408 385
408 411 385
385 411 408
412 411 408
411 412 408
408 412 411
413 408 386
408 413 386
386 413 408
414 413 412
413 414 412
412 414 413
415 414 410
414 415 410
410 415 414
416 290 285
290 416 285
285 416 290
417 416 284
416 417 284
284 417 416
418 297 285
297 418 285
285 418 297
419 418 291
418 419 291
291 419 418
420 419 417
419 420 417
417 420 419
421 21 17
21 421 17
17 421 21
422 421 285
421 422 285
285 422 421
423 422 291
422 423 291
291 423 422
424 423 298
423 424 298
298 424 423
425 424 420
424 425 420
420 425 424
426 425 415
425 426 415
415 426 425
427 426 410
426 427 410
410 427 426
428 427 426
427 428 426
426 428 427
429 426 412
426 429 412
412 429 426
430 429 426
429 430 426
426 430 429
431 426 413
426 431 413
413 431 426
432 431 430
431 432 430
430 432 431
433 432 428
432 433 428
428 433 432
434 433 21
433 434 21
21 434 433
435 431 430
431 435 430
430 435 431
436 435 428
435 436 428
428 436 435
437 436 17
436 437 17
17 437 436
438 431 430
431 438 430
430 438 431
439 438 428
438 439 428
428 439 438
440 439 13
439 440 13
13 440 439
441 431 430
431 441 430
430 441 431
442 441 428
441 442 428
428 442 441
443 442 9
442 443 9
9 443 442
444 432 428
432 444 428
428 444 432
445 444 5
444 445 5
5 445 444
446 435 428
435 446 428
428 446 435
447 446 1
446 447 1
1 447 446
448 446 1
446 448 1
1 448 446
449 448 447
448 449 447
447 449 448
450 449 444
449 450 444
444 450 449
451 450 445
450 451 445
445 451 450
452 451 442
451 452 442
442 452 451
453 452 443
452 453 443
443 453 452
454 453 439
453 454 439
439 454 453
455 454 440
454 455 440
440 455 454
456 455 436
455 456 436
436 456 455
457 456 437
456 457 437
437 457 456
458 457 433
457 458 433
433 458 457
459 458 434
458 459 434
434 459 458
460 433 22
433 460 22
22 460 433
461 436 18
436 461 18
18 461 436
462 439 14
439 462 14
14 462 439
463 442 10
442 463 10
10 463 442
464 444 6
444 464 6
6 464 444
465 446 2
446 465 2
2 465 446
466 446 2
446 466 2
2 466 446
467 466 465
466 467 465
465 467 466
468 467 444
467 468 444
444 468 467
469 468 464
468 469 464
464 469 468
470 469 442
469 470 442
442 470 469
471 470 463
470 471 463
463 471 470
472 471 439
471 472 439
439 472 471
473 472 462
472 473 462
462 473 472
474 473 436
473 474 436
436 474 473
475 474 461
474 475 461
461 475 474
476 475 433
475 476 433
433 476 475
477 476 460
476 477 460
460 477 476
478 433 23
433 478 23
23 478 433
479 436 19
436 479 19
19 479 436
480 439 15
439 480 15
15 480 439
481 442 11
442 481 11
11 481 442
482 444 7
444 482 7
7 482 444
483 446 3
446 483 3
3 483 446
484 446 3
446 484 3
3 484 446
485 484 483
484 485 483
483 485 484
486 485 444
485 486 444
444 486 485
487 486 482
486 487 482
482 487 486
488 487 442
487 488 442
442 488 487
489 488 481
488 489 481
481 489 488
490 489 439
489 490 439
439 490 489
491 490 480
490 491 480
480 491 490
492 491 436
491 492 436
436 492 491
493 492 479
492 493 479
479 493 492
494 493 433
493 494 433
433 494 493
495 494 478
494 495 478
478 495 494
496 433 24
433 496 24
24 496 433
497 436 20
436 497 20
20 497 436
498 439 16
439 498 16
16 498 439
499 442 12
442 499 12
12 499 442
500 444 8
444 500 8
8 500 444
501 446 4
446 501 4
4 501 446
502 446 4
446 502 4
4 502 446
503 502 501
502 503 501
501 503 502
504 503 444
503 504 444
444 504 503
505 504 500
504 505 500
500 505 504
506 505 442
505 506 442
442 506 505
507 506 499
506 507 499
499 507 506
508 507 439
507 508 439
439 508 507
509 508 498
508 509 498
498 509 508
510 509 436
509 510 436
436 510 509
511 510 497
510 511 497
497 511 510
512 511 433
511 512 433
433 512 511
513 512 496
512 513 496
496 513 512
514 457 433
457 514 433
433 514 457
515 433 21
433 515 21
21 515 433
516 515 514
515 516 514
514 516 515
517 503 444
503 517 444
444 517 503
518 444 8
444 518 8
8 518 444
519 518 517
518 519 517
517 519 518
520 505 442
505 520 442
442 520 505
521 442 12
442 521 12
12 521 442
522 521 520
521 522 520
520 522 521
523 522 519
522 523 519
519 523 522
524 485 444
485 524 444
444 524 485
525 444 7
444 525 7
7 525 444
526 525 524
525 526 524
524 526 525
527 487 442
487 527 442
442 527 487
528 442 11
442 528 11
11 528 442
529 528 527
528 529 527
527 529 528
530 529 526
529 530 526
526 530 529
531 522 519
522 531 519
519 531 522
532 531 523
531 532 523
523 532 531
533 532 530
532 533 530
530 533 532
534 533 523
533 534 523
523 534 533
535 467 444
467 535 444
444 535 467
536 444 6
444 536 6
6 536 444
537 536 535
536 537 535
535 537 536
538 469 442
469 538 442
442 538 469
539 442 10
442 539 10
10 539 442
540 539 538
539 540 538
538 540 539
541 540 537
540 541 537
537 541 540
542 541 532
541 542 532
532 542 541
543 529 526
529 543 526
526 543 529
544 543 530
543 544 530
530 544 543
545 544 542
544 545 542
542 545 544
546 545 534
545 546 534
534 546 545
547 449 444
449 547 444
444 547 449
548 444 5
444 548 5
5 548 444
549 548 547
548 549 547
547 549 548
550 451 442
451 550 442
442 550 451
551 442 9
442 551 9
9 551 442
552 551 550
551 552 550
550 552 551
553 552 549
552 553 549
549 553 552
554 553 532
553 554 532
532 554 553
555 554 544
554 555 544
544 555 554
556 540 537
540 556 537
537 556 540
557 556 541
556 557 541
541 557 556
558 557 555
557 558 555
555 558 557
559 558 546
558 559 546
546 559 558
560 507 439
507 560 439
439 560 507
561 439 16
439 561 16
16 561 439
562 561 560
561 562 560
560 562 561
563 562 522
562 563 522
522 563 562
564 489 439
489 564 439
439 564 489
565 439 15
439 565 15
15 565 439
566 565 564
565 566 564
564 566 565
567 566 529
566 567 529
529 567 566
568 562 522
562 568 522
522 568 562
569 568 563
568 569 563
563 569 568
570 471 439
471 570 439
439 570 471
571 439 14
439 571 14
14 571 439
572 571 570
571 572 570
570 572 571
573 572 540
572 573 540
540 573 572
574 566 529
566 574 529
529 574 566
575 574 567
574 575 567
567 575 574
576 453 439
453 576 439
439 576 453
577 439 13
439 577 13
13 577 439
578 577 576
577 578 576
576 578 577
579 572 540
572 579 540
540 579 572
580 579 573
579 580 573
573 580 579
581 562 519
562 581 519
519 581 562
582 566 526
566 582 526
526 582 566
583 562 519
562 583 519
519 583 562
584 583 581
583 584 581
581 584 583
585 584 582
584 585 582
582 585 584
586 585 581
585 586 581
581 586 585
587 572 537
572 587 537
537 587 572
588 587 584
587 588 584
584 588 587
589 566 526
566 589 526
526 589 566
590 589 582
589 590 582
582 590 589
591 590 588
590 591 588
588 591 590
592 591 586
591 592 586
586 592 591
593 578 549
578 593 549
549 593 578
594 593 584
593 594 584
584 594 593
595 594 590
594 595 590
590 595 594
596 572 537
572 596 537
537 596 572
597 596 587
596 597 587
587 597 596
598 597 595
597 598 595
595 598 597
599 598 592
598 599 592
592 599 598
600 599 559
599 600 559
559 600 599
601 600 559
600 601 559
559 601 600
602 601 600
601 602 600
600 602 601
603 600 559
600 603 559
559 603 600
604 603 600
603 604 600
600 604 603
605 604 602
604 605 602
602 605 604
606 574 569
574 606 569
569 606 574
607 606 568
606 607 568
568 607 606
608 579 569
579 608 569
569 608 579
609 608 575
608 609 575
575 609 608
610 609 607
609 610 607
607 610 609
611 578 552
578 611 552
552 611 578
612 611 569
611 612 569
569 612 611
613 612 575
612 613 575
575 613 612
614 613 580
613 614 580
580 614 613
615 614 610
614 615 610
610 615 614
616 615 605
615 616 605
605 616 615
617 616 602
616 617 602
602 617 616
618 617 616
617 618 616
616 618 617
619 616 604
616 619 604
604 619 616
620 619 616
619 620 616
616 620 619
621 620 618
620 621 618
618 621 620
622 509 436
509 622 436
436 622 509
623 436 20
436 623 20
20 623 436
624 623 622
623 624 622
622 624 623
625 624 519
624 625 519
519 625 624
626 491 436
491 626 436
436 626 491
627 436 19
436 627 19
19 627 436
628 627 626
627 628 626
626 628 627
629 628 526
628 629 526
526 629 628
630 624 519
624 630 519
519 630 624
631 630 625
630 631 625
625 631 630
632 631 629
631 632 629
629 632 631
633 632 625
632 633 625
625 633 632
634 473 436
473 634 436
436 634 473
635 436 18
436 635 18
18 635 436
636 635 634
635 636 634
634 636 635
637 636 537
636 637 537
537 637 636
638 637 631
637 638 631
631 638 637
639 628 526
628 639 526
526 639 628
640 639 629
639 640 629
629 640 639
641 640 638
640 641 638
638 641 640
642 641 633
641 642 633
633 642 641
643 455 436
455 643 436
436 643 455
644 436 17
436 644 17
17 644 436
645 644 643
644 645 643
643 645 644
646 645 549
645 646 549
549 646 645
647 646 631
646 647 631
631 647 646
648 647 640
647 648 640
640 648 647
649 636 537
636 649 537
537 649 636
650 649 637
649 650 637
637 650 649
651 650 648
650 651 648
648 651 650
652 651 642
651 652 642
642 652 651
653 652 621
652 653 621
621 653 652
654 653 618
653 654 618
618 654 653
655 653 620
653 655 620
620 655 653
656 655 654
655 656 654
654 656 655
657 656 653
656 657 653
653 657 656
658 624 522
624 658 522
522 658 624
659 628 529
628 659 529
529 659 628
660 624 522
624 660 522
522 660 624
661 660 658
660 661 658
658 661 660
662 661 659
661 662 659
659 662 661
663 662 658
662 663 658
658 663 662
664 636 540
636 664 540
540 664 636
665 664 661
664 665 661
661 665 664
666 628 529
628 666 529
529 666 628
667 666 659
666 667 659
659 667 666
668 667 665
667 668 665
665 668 667
669 668 663
668 669 663
663 669 668
670 645 552
645 670 552
552 670 645
671 670 661
670 671 661
661 671 670
672 671 667
671 672 667
667 672 671
673 636 540
636 673 540
540 673 636
674 673 664
673 674 664
664 674 673
675 674 672
674 675 672
672 675 674
676 675 669
675 676 669
669 676 675
677 676 657
676 677 657
657 677 676
678 677 653
677 678 653
653 678 677
679 678 677
678 679 677
677 679 678
680 677 654
677 680 654
654 680 677
681 677 655
677 681 655
655 681 677
682 681 680
681 682 680
680 682 681
683 682 679
682 683 679
679 683 682
684 624 562
624 684 562
562 684 624
685 628 566
628 685 566
566 685 628
686 624 562
624 686 562
562 686 624
687 686 684
686 687 684
684 687 686
688 687 685
687 688 685
685 688 687
689 688 684
688 689 684
684 689 688
690 636 572
636 690 572
572 690 636
691 690 687
690 691 687
687 691 690
692 628 566
628 692 566
566 692 628
693 692 685
692 693 685
685 693 692
694 693 691
693 694 691
691 694 693
695 694 689
694 695 689
689 695 694
696 645 578
645 696 578
578 696 645
697 696 687
696 697 687
687 697 696
698 697 693
697 698 693
693 698 697
699 636 572
636 699 572
572 699 636
700 699 690
699 700 690
690 700 699
701 700 698
700 701 698
698 701 700
702 701 695
701 702 695
695 702 701
703 702 683
702 703 683
683 703 702
704 703 679
703 704 679
679 704 703
705 704 703
704 705 703
703 705 704
706 703 680
703 706 680
680 706 703
707 703 681
703 707 681
681 707 703
708 707 706
707 708 706
706 708 707
709 708 705
708 709 705
705 709 708
710 511 433
511 710 433
433 710 511
711 433 24
433 711 24
24 711 433
712 711 710
711 712 710
710 712 711
713 712 624
712 713 624
624 713 712
714 493 433
493 714 433
433 714 493
715 433 23
433 715 23
23 715 433
716 715 714
715 716 714
714 716 715
717 716 628
716 717 628
628 717 716
718 712 624
712 718 624
624 718 712
719 718 713
718 719 713
713 719 718
720 719 717
719 720 717
717 720 719
721 720 713
720 721 713
713 721 720
722 475 433
475 722 433
433 722 475
723 433 22
433 723 22
22 723 433
724 723 722
723 724 722
722 724 723
725 724 636
724 725 636
636 725 724
726 725 719
725 726 719
719 726 725
727 716 628
716 727 628
628 727 716
728 727 717
727 728 717
717 728 727
729 728 726
728 729 726
726 729 728
730 729 721
729 730 721
721 730 729
731 645 516
645 731 516
516 731 645
732 731 719
731 732 719
719 732 731
733 732 728
732 733 728
728 733 732
734 724 636
724 734 636
636 734 724
735 734 725
734 735 725
725 735 734
736 735 733
735 736 733
733 736 735
737 736 730
736 737 730
730 737 736
738 737 709
737 738 709
709 738 737
739 738 705
738 739 705
705 739 738
740 739 738
739 740 738
738 740 739
741 738 706
738 741 706
706 741 738
742 738 707
738 742 707
707 742 738
743 742 741
742 743 741
741 743 742
744 743 740
743 744 740
740 744 743
745 712 519
712 745 519
519 745 712
746 716 526
716 746 526
526 746 716
747 712 519
712 747 519
519 747 712
748 747 745
747 748 745
745 748 747
749 748 746
748 749 746
746 749 748
750 749 745
749 750 745
745 750 749
751 724 537
724 751 537
537 751 724
752 751 748
751 752 748
748 752 751
753 716 526
716 753 526
526 753 716
754 753 746
753 754 746
746 754 753
755 754 752
754 755 752
752 755 754
756 755 750
755 756 750
750 756 755
757 549 516
549 757 516
516 757 549
758 757 748
757 758 748
748 758 757
759 758 754
758 759 754
754 759 758
760 724 537
724 760 537
537 760 724
761 760 751
760 761 751
751 761 760
762 761 759
761 762 759
759 762 761
763 762 756
762 763 756
756 763 762
764 763 744
763 764 744
744 764 763
765 764 740
764 765 740
740 765 764
766 765 764
765 766 764
764 766 765
767 764 741
764 767 741
741 767 764
768 767 764
767 768 764
764 768 767
769 764 742
764 769 742
742 769 764
770 769 768
769 770 768
768 770 769
771 770 766
770 771 766
766 771 770
772 712 522
712 772 522
522 772 712
773 716 529
716 773 529
529 773 716
774 712 522
712 774 522
522 774 712
775 774 772
774 775 772
772 775 774
776 775 773
775 776 773
773 776 775
777 776 772
776 777 772
772 777 776
778 724 540
724 778 540
540 778 724
779 778 775
778 779 775
775 779 778
780 716 529
716 780 529
529 780 716
781 780 773
780 781 773
773 781 780
782 781 779
781 782 779
779 782 781
783 782 777
782 783 777
777 783 782
784 552 516
552 784 516
516 784 552
785 784 775
784 785 775
775 785 784
786 785 781
785 786 781
781 786 785
787 724 540
724 787 540
540 787 724
788 787 778
787 788 778
778 788 787
789 788 786
788 789 786
786 789 788
790 789 783
789 790 783
783 790 789
791 790 771
790 791 771
771 791 790
792 791 766
791 792 766
766 792 791
793 792 791
792 793 791
791 793 792
794 791 768
791 794 768
768 794 791
795 794 791
794 795 791
791 795 794
796 791 769
791 796 769
769 796 791
797 796 795
796 797 795
795 797 796
798 797 793
797 798 793
793 798 797
799 712 562
712 799 562
562 799 712
800 716 566
716 800 566
566 800 716
801 712 562
712 801 562
562 801 712
802 801 799
801 802 799
799 802 801
803 802 800
802 803 800
800 803 802
804 803 799
803 804 799
799 804 803
805 724 572
724 805 572
572 805 724
806 805 802
805 806 802
802 806 805
807 716 566
716 807 566
566 807 716
808 807 800
807 808 800
800 808 807
809 808 806
808 809 806
806 809 808
810 809 804
809 810 804
804 810 809
811 578 516
578 811 516
516 811 578
812 811 802
811 812 802
802 812 811
813 812 808
812 813 808
808 813 812
814 724 572
724 814 572
572 814 724
815 814 805
814 815 805
805 815 814
816 815 813
815 816 813
813 816 815
817 816 810
816 817 810
810 817 816
818 817 798
817 818 798
798 818 817
819 818 793
818 819 793
793 819 818
820 819 818
819 820 818
818 820 819
821 818 795
818 821 795
795 821 818
822 821 818
821 822 818
818 822 821
823 818 796
818 823 796
796 823 818
824 823 822
823 824 822
822 824 823
825 824 820
824 825 820
820 825 824
826 727 719
727 826 719
719 826 727
827 826 718
826 827 718
718 827 826
828 734 719
734 828 719
719 828 734
829 828 728
828 829 728
728 829 828
830 829 827
829 830 827
827 830 829
831 645 516
645 831 516
516 831 645
832 831 719
831 832 719
719 832 831
833 832 728
832 833 728
728 833 832
834 833 735
833 834 735
735 834 833
835 834 830
834 835 830
830 835 834
836 835 825
835 836 825
825 836 835
837 836 820
836 837 820
820 837 836
838 837 836
837 838 836
836 838 837
839 836 822
836 839 822
822 839 836
840 839 836
839 840 836
836 840 839
841 836 823
836 841 823
823 841 836
842 841 840
841 842 840
840 842 841
843 842 838
842 843 838
838 843 842
844 843 516
843 844 516
516 844 843
845 841 840
841 845 840
840 845 841
846 845 838
845 846 838
838 846 845
847 846 645
846 847 645
645 847 846
848 841 840
841 848 840
840 848 841
849 848 838
848 849 838
838 849 848
850 849 578
849 850 578
578 850 849
851 841 840
841 851 840
840 851 841
852 851 838
851 852 838
838 852 851
853 852 552
852 853 552
552 853 852
854 842 838
842 854 838
838 854 842
855 854 549
854 855 549
549 855 854
856 854 549
854 856 549
549 856 854
857 856 855
856 857 855
855 857 856
858 857 852
857 858 852
852 858 857
859 858 853
858 859 853
853 859 858
860 859 849
859 860 849
849 860 859
861 860 850
860 861 850
850 861 860
862 861 846
861 862 846
846 862 861
863 862 847
862 863 847
847 863 862
864 863 843
863 864 843
843 864 863
865 864 844
864 865 844
844 865 864
866 843 724
843 866 724
724 866 843
867 846 636
846 867 636
636 867 846
868 849 572
849 868 572
572 868 849
869 852 540
852 869 540
540 869 852
870 854 537
854 870 537
537 870 854
871 854 537
854 871 537
537 871 854
872 871 870
871 872 870
870 872 871
873 872 852
872 873 852
852 873 872
874 873 869
873 874 869
869 874 873
875 874 849
874 875 849
849 875 874
876 875 868
875 876 868
868 876 875
877 876 846
876 877 846
846 877 876
878 877 867
877 878 867
867 878 877
879 878 843
878 879 843
843 879 878
880 879 866
879 880 866
866 880 879
881 843 716
843 881 716
716 881 843
882 846 628
846 882 628
628 882 846
883 849 566
849 883 566
566 883 849
884 852 529
852 884 529
529 884 852
885 854 526
854 885 526
526 885 854
886 854 526
854 886 526
526 886 854
887 886 885
886 887 885
885 887 886
888 887 852
887 888 852
852 888 887
889 888 884
888 889 884
884 889 888
890 889 849
889 890 849
849 890 889
891 890 883
890 891 883
883 891 890
892 891 846
891 892 846
846 892 891
893 892 882
892 893 882
882 893 892
894 893 843
893 894 843
843 894 893
895 894 881
894 895 881
881 895 894
896 843 712
843 896 712
712 896 843
897 846 624
846 897 624
624 897 846
898 849 562
849 898 562
562 898 849
899 852 522
852 899 522
522 899 852
900 854 519
854 900 519
519 900 854
901 854 519
854 901 519
519 901 854
902 901 900
901 902 900
900 902 901
903 902 852
902 903 852
852 903 902
904 903 899
903 904 899
899 904 903
905 904 849
904 905 849
849 905 904
906 905 898
905 906 898
898 906 905
907 906 846
906 907 846
846 907 906
908 907 897
907 908 897
897 908 907
909 908 843
908 909 843
843 909 908
910 909 896
909 910 896
896 910 909
911 863 843
863 911 843
843 911 863
912 843 516
843 912 516
516 912 843
913 912 911
912 913 911
911 913 912
914 902 852
902 914 852
852 914 902
915 852 522
852 915 522
522 915 852
916 915 914
915 916 914
914 916 915
917 904 849
904 917 849
849 917 904
918 849 562
849 918 562
562 918 849
919 918 917
918 919 917
917 919 918
920 919 916
919 920 916
916 920 919
921 887 852
887 921 852
852 921 887
922 852 529
852 922 529
529 922 852
923 922 921
922 923 921
921 923 922
924 889 849
889 924 849
849 924 889
925 849 566
849 925 566
566 925 849
926 925 924
925 926 924
924 926 925
927 926 923
926 927 923
923 927 926
928 919 916
919 928 916
916 928 919
929 928 920
928 929 920
920 929 928
930 929 927
929 930 927
927 930 929
931 930 920
930 931 920
920 931 930
932 872 852
872 932 852
852 932 872
933 852 540
852 933 540
540 933 852
934 933 932
933 934 932
932 934 933
935 874 849
874 935 849
849 935 874
936 849 572
849 936 572
572 936 849
937 936 935
936 937 935
935 937 936
938 937 934
937 938 934
934 938 937
939 938 929
938 939 929
929 939 938
940 926 923
926 940 923
923 940 926
941 940 927
940 941 927
927 941 940
942 941 939
941 942 939
939 942 941
943 942 931
942 943 931
931 943 942
944 857 852
857 944 852
852 944 857
945 852 552
852 945 552
552 945 852
946 945 944
945 946 944
944 946 945
947 859 849
859 947 849
849 947 859
948 849 578
849 948 578
578 948 849
949 948 947
948 949 947
947 949 948
950 949 946
949 950 946
946 950 949
951 950 929
950 951 929
929 951 950
952 951 941
951 952 941
941 952 951
953 937 934
937 953 934
934 953 937
954 953 938
953 954 938
938 954 953
955 954 952
954 955 952
952 955 954
956 955 943
955 956 943
943 956 955
957 906 846
906 957 846
846 957 906
958 846 624
846 958 624
624 958 846
959 958 957
958 959 957
957 959 958
960 959 916
959 960 916
916 960 959
961 891 846
891 961 846
846 961 891
962 846 628
846 962 628
628 962 846
963 962 961
962 963 961
961 963 962
964 963 923
963 964 923
923 964 963
965 959 916
959 965 916
916 965 959
966 965 960
965 966 960
960 966 965
967 966 964
966 967 964
964 967 966
968 967 960
967 968 960
960 968 967
969 876 846
876 969 846
846 969 876
970 846 636
846 970 636
636 970 846
971 970 969
970 971 969
969 971 970
972 971 934
971 972 934
934 972 971
973 972 966
972 973 966
966 973 972
974 963 923
963 974 923
923 974 963
975 974 964
974 975 964
964 975 974
976 975 973
975 976 973
973 976 975
977 976 968
976 977 968
968 977 976
978 861 846
861 978 846
846 978 861
979 846 645
846 979 645
645 979 846
980 979 978
979 980 978
978 980 979
981 980 946
980 981 946
946 981 980
982 981 966
981 982 966
966 982 981
983 982 975
982 983 975
975 983 982
984 971 934
971 984 934
934 984 971
985 984 972
984 985 972
972 985 984
986 985 983
985 986 983
983 986 985
987 986 977
986 987 977
977 987 986
988 987 956
987 988 956
956 988 987
989 988 956
988 989 956
956 989 988
990 989 988
989 990 988
988 990 989
991 990 988
990 991 988
988 991 990
992 959 919
959 992 919
919 992 959
993 963 926
963 993 926
926 993 963
994 959 919
959 994 919
919 994 959
995 994 992
994 995 992
992 995 994
996 995 993
995 996 993
993 996 995
997 996 992
996 997 992
992 997 996
998 971 937
971 998 937
937 998 971
999 998 995
998 999 995
995 999 998
1000 963 926
963 1000 926
926 1000 963
1001 1000 993
1000 1001 993
993 1001 1000
1002 1001 999
1001 1002 999
999 1002 1001
1003 1002 997
1002 1003 997
997 1003 1002
1004 980 949
980 1004 949
949 1004 980
1005 1004 995
1004 1005 995
995 1005 1004
1006 1005 1001
1005 1006 1001
1001 1006 1005
1007 971 937
971 1007 937
937 1007 971
1008 1007 998
1007 1008 998
998 1008 1007
1009 1008 1006
1008 1009 1006
1006 1009 1008
1010 1009 1003
1009 1010 1003
1003 1010 1009
1011 1010 991
1010 1011 991
991 1011 1010
1012 1011 988
1011 1012 988
988 1012 1011
1013 1012 1011
1012 1013 1011
1011 1013 1012
1014 1011 989
1011 1014 989
989 1014 1011
1015 1011 988
1011 1015 988
988 1015 1011
1016 1015 1014
1015 1016 1014
1014 1016 1015
1017 1016 1013
1016 1017 1013
1013 1017 1016
1018 908 843
908 1018 843
843 1018 908
1019 843 712
843 1019 712
712 1019 843
1020 1019 1018
1019 1020 1018
1018 1020 1019
1021 1020 959
1020 1021 959
959 1021 1020
1022 893 843
893 1022 843
843 1022 893
1023 843 716
843 1023 716
716 1023 843
1024 1023 1022
1023 1024 1022
1022 1024 1023
1025 1024 963
1024 1025 963
963 1025 1024
1026 1020 959
1020 1026 959
959 1026 1020
1027 1026 1021
1026 1027 1021
1021 1027 1026
1028 1027 1025
1027 1028 1025
1025 1028 1027
1029 1028 1021
1028 1029 1021
1021 1029 1028
1030 878 843
878 1030 843
843 1030 878
1031 843 724
843 1031 724
724 1031 843
1032 1031 1030
1031 1032 1030
1030 1032 1031
1033 1032 971
1032 1033 971
971 1033 1032
1034 1033 1027
1033 1034 1027
1027 1034 1033
1035 1024 963
1024 1035 963
963 1035 1024
1036 1035 1025
1035 1036 1025
1025 1036 1035
1037 1036 1034
1036 1037 1034
1034 1037 1036
1038 1037 1029
1037 1038 1029
1029 1038 1037
1039 980 913
980 1039 913
913 1039 980
1040 1039 1027
1039 1040 1027
1027 1040 1039
1041 1040 1036
1040 1041 1036
1036 1041 1040
1042 1032 971
1032 1042 971
971 1042 1032
1043 1042 1033
1042 1043 1033
1033 1043 1042
1044 1043 1041
1043 1044 1041
1041 1044 1043
1045 1044 1038
1044 1045 1038
1038 1045 1044
1046 1045 1017
1045 1046 1017
1017 1046 1045
1047 1046 1013
1046 1047 1013
1013 1047 1046
1048 1047 1046
1047 1048 1046
1046 1048 1047
1049 1046 1014
1046 1049 1014
1014 1049 1046
1050 1046 1015
1046 1050 1015
1015 1050 1046
1051 1050 1049
1050 1051 1049
1049 1051 1050
1052 1051 1048
1051 1052 1048
1048 1052 1051
1053 1020 916
1020 1053 916
916 1053 1020
1054 1024 923
1024 1054 923
923 1054 1024
1055 1020 916
1020 1055 916
916 1055 1020
1056 1055 1053
1055 1056 1053
1053 1056 1055
1057 1056 1054
1056 1057 1054
1054 1057 1056
1058 1057 1053
1057 1058 1053
1053 1058 1057
1059 1032 934
1032 1059 934
934 1059 1032
1060 1059 1056
1059 1060 1056
1056 1060 1059
1061 1024 923
1024 1061 923
923 1061 1024
1062 1061 1054
1061 1062 1054
1054 1062 1061
1063 1062 1060
1062 1063 1060
1060 1063 1062
1064 1063 1058
1063 1064 1058
1058 1064 1063
1065 946 913
946 1065 913
913 1065 946
1066 1065 1056
1065 1066 1056
1056 1066 1065
1067 1066 1062
1066 1067 1062
1062 1067 1066
1068 1032 934
1032 1068 934
934 1068 1032
1069 1068 1059
1068 1069 1059
1059 1069 1068
1070 1069 1067
1069 1070 1067
1067 1070 1069
1071 1070 1064
1070 1071 1064
1064 1071 1070
1072 1071 1052
1071 1072 1052
1052 1072 1071
1073 1072 1048
1072 1073 1048
1048 1073 1072
1074 1073 1072
1073 1074 1072
1072 1074 1073
1075 1072 1049
1072 1075 1049
1049 1075 1072
1076 1075 1072
1075 1076 1072
1072 1076 1075
1077 1072 1050
1072 1077 1050
1050 1077 1072
1078 1077 1076
1077 1078 1076
1076 1078 1077
1079 1078 1074
1078 1079 1074
1074 1079 1078
1080 1020 919
1020 1080 919
919 1080 1020
1081 1024 926
1024 1081 926
926 1081 1024
1082 1020 919
1020 1082 919
919 1082 1020
1083 1082 1080
1082 1083 1080
1080 1083 1082
1084 1083 1081
1083 1084 1081
1081 1084 1083
1085 1084 1080
1084 1085 1080
1080 1085 1084
1086 1032 937
1032 1086 937
937 1086 1032
1087 1086 1083
1086 1087 1083
1083 1087 1086
1088 1024 926
1024 1088 926
926 1088 1024
1089 1088 1081
1088 1089 1081
1081 1089 1088
1090 1089 1087
1089 1090 1087
1087 1090 1089
1091 1090 1085
1090 1091 1085
1085 1091 1090
1092 949 913
949 1092 913
913 1092 949
1093 1092 1083
1092 1093 1083
1083 1093 1092
1094 1093 1089
1093 1094 1089
1089 1094 1093
1095 1032 937
1032 1095 937
937 1095 1032
1096 1095 1086
1095 1096 1086
1086 1096 1095
1097 1096 1094
1096 1097 1094
1094 1097 1096
1098 1097 1091
1097 1098 1091
1091 1098 1097
1099 1098 1079
1098 1099 1079
1079 1099 1098
1100 1099 1074
1099 1100 1074
1074 1100 1099
1101 1100 1099
1100 1101 1099
1099 1101 1100
1102 1099 1076
1099 1102 1076
1076 1102 1099
1103 1102 1099
1102 1103 1099
1099 1103 1102
1104 1099 1077
1099 1104 1077
1077 1104 1099
1105 1104 1103
1104 1105 1103
1103 1105 1104
1106 1105 1101
1105 1106 1101
1101 1106 1105
1107 1035 1027
1035 1107 1027
1027 1107 1035
1108 1107 1026
1107 1108 1026
1026 1108 1107
1109 1042 1027
1042 1109 1027
1027 1109 1042
1110 1109 1036
1109 1110 1036
1036 1110 1109
1111 1110 1108
1110 1111 1108
1108 1111 1110
1112 980 913
980 1112 913
913 1112 980
1113 1112 1027
1112 1113 1027
1027 1113 1112
1114 1113 1036
1113 1114 1036
1036 1114 1113
1115 1114 1043
1114 1115 1043
1043 1115 1114
1116 1115 1111
1115 1116 1111
1111 1116 1115
1117 1116 1106
1116 1117 1106
1106 1117 1116
1118 1117 1101
1117 1118 1101
1101 1118 1117
1119 1118 1117
1118 1119 1117
1117 1119 1118
1120 1117 1103
1117 1120 1103
1103 1120 1117
1121 1120 1117
1120 1121 1117
1117 1121 1120
1122 1117 1104
1117 1122 1104
1104 1122 1117
1123 1122 1121
1122 1123 1121
1121 1123 1122
1124 1123 1119
1123 1124 1119
1119 1124 1123
1125 1124 913
1124 1125 913
913 1125 1124
1126 1122 1121
1122 1126 1121
1121 1126 1122
1127 1126 1119
1126 1127 1119
1119 1127 1126
1128 1127 980
1127 1128 980
980 1128 1127
1129 1122 1121
1122 1129 1121
1121 1129 1122
1130 1129 1119
1129 1130 1119
1119 1130 1129
1131 1130 949
1130 1131 949
949 1131 1130
1132 1122 1121
1122 1132 1121
1121 1132 1122
1133 1132 1119
1132 1133 1119
1119 1133 1132
1134 1133 946
1133 1134 946
946 1134 1133
1135 1133 946
1133 1135 946
946 1135 1133
1136 1135 1134
1135 1136 1134
1134 1136 1135
1137 1136 1130
1136 1137 1130
1130 1137 1136
1138 1137 1131
1137 1138 1131
1131 1138 1137
1139 1138 1127
1138 1139 1127
1127 1139 1138
1140 1139 1128
1139 1140 1128
1128 1140 1139
1141 1140 1124
1140 1141 1124
1124 1141 1140
1142 1141 1125
1141 1142 1125
1125 1142 1141
1143 1124 1032
1124 1143 1032
1032 1143 1124
1144 1127 971
1127 1144 971
971 1144 1127
1145 1130 937
1130 1145 937
937 1145 1130
1146 1133 934
1133 1146 934
934 1146 1133
1147 1133 934
1133 1147 934
934 1147 1133
1148 1147 1146
1147 1148 1146
1146 1148 1147
1149 1148 1130
