25 13 2
13 25 2
2 25 13
26 14 1
14 26 1
1 26 14
27 26 25
26 27 25
25 27 26
28 13 3
13 28 3
3 28 13
29 14 2
14 29 2
2 29 14
30 15 1
15 30 1
1 30 15
31 30 29
30 31 29
29 31 30
32 30 29
30 32 29
29 32 30
33 32 31
32 33 31
31 33 32
34 33 28
33 34 28
28 34 33
35 33 28
33 35 28
28 35 33
36 35 34
35 36 34
34 36 35
37 36 27
36 37 27
27 37 36
38 13 4
13 38 4
4 38 13
39 14 3
14 39 3
3 39 14
40 15 2
15 40 2
2 40 15
41 40 39
40 41 39
39 41 40
42 40 39
40 42 39
39 42 40
43 42 41
42 43 41
41 43 42
44 43 38
43 44 38
38 44 43
45 43 38
43 45 38
38 45 43
46 45 44
45 46 44
44 46 45
47 16 1
16 47 1
1 47 16
48 29 28
29 48 28
28 48 29
49 30 28
30 49 28
28 49 30
50 30 29
30 50 29
29 50 30
51 50 49
50 51 49
49 51 50
52 51 48
51 52 48
48 52 51
53 52 47
52 53 47
47 53 52
54 52 47
52 54 47
47 54 52
55 54 53
54 55 53
53 55 54
56 55 46
55 56 46
46 56 55
57 55 46
55 57 46
46 57 55
58 57 56
57 58 56
56 58 57
59 58 37
58 59 37
37 59 58
60 58 37
58 60 37
37 60 58
61 60 59
60 61 59
59 61 60
62 58 37
58 62 37
37 62 58
63 52 46
52 63 46
46 63 52
64 47 46
47 64 46
46 64 47
65 52 47
52 65 47
47 65 52
66 65 64
65 66 64
64 66 65
67 66 63
66 67 63
63 67 66
68 13 5
13 68 5
5 68 13
69 14 4
14 69 4
4 69 14
70 15 3
15 70 3
3 70 15
71 70 69
70 71 69
69 71 70
72 70 69
70 72 69
69 72 70
73 72 71
72 73 71
71 73 72
74 73 68
73 74 68
68 74 73
75 73 68
73 75 68
68 75 73
76 75 74
75 76 74
74 76 75
77 39 38
39 77 38
38 77 39
78 40 38
40 78 38
38 78 40
79 40 39
40 79 39
39 79 40
80 79 78
79 80 78
78 80 79
81 80 77
80 81 77
77 81 80
82 16 2
16 82 2
2 82 16
83 17 1
17 83 1
1 83 17
84 83 82
83 84 82
82 84 83
85 83 82
83 85 82
82 85 83
86 85 84
85 86 84
84 86 85
87 86 81
86 87 81
81 87 86
88 86 81
86 88 81
81 88 86
89 88 87
88 89 87
87 89 88
90 89 76
89 90 76
76 90 89
91 89 76
89 91 76
76 91 89
92 91 90
91 92 90
90 92 91
93 92 67
92 93 67
67 93 92
94 92 67
92 94 67
67 94 92
95 94 93
94 95 93
93 95 94
96 95 62
95 96 62
62 96 95
97 95 62
95 97 62
62 97 95
98 97 96
97 98 96
96 98 97
99 95 62
95 99 62
62 99 95
100 92 67
92 100 67
67 100 92
101 13 6
13 101 6
6 101 13
102 14 5
14 102 5
5 102 14
103 15 4
15 103 4
4 103 15
104 103 102
103 104 102
102 104 103
105 103 102
103 105 102
102 105 103
106 105 104
105 106 104
104 106 105
107 106 101
106 107 101
101 107 106
108 106 101
106 108 101
101 108 106
109 108 107
108 109 107
107 109 108
110 69 68
69 110 68
68 110 69
111 70 68
70 111 68
68 111 70
112 70 69
70 112 69
69 112 70
113 112 111
112 113 111
111 113 112
114 113 110
113 114 110
110 114 113
115 16 3
16 115 3
3 115 16
116 17 2
17 116 2
2 116 17
117 18 1
18 117 1
1 117 18
118 117 116
117 118 116
116 118 117
119 117 116
117 119 116
116 119 117
120 119 118
119 120 118
118 120 119
121 120 115
120 121 115
115 121 120
122 120 115
120 122 115
115 122 120
123 122 121
122 123 121
121 123 122
124 123 114
123 124 114
114 124 123
125 123 114
123 125 114
114 125 123
126 125 124
125 126 124
124 126 125
127 126 109
126 127 109
109 127 126
128 126 109
126 128 109
109 128 126
129 128 127
128 129 127
127 129 128
130 83 82
83 130 82
82 130 83
131 81 76
81 131 76
76 131 81
132 86 76
86 132 76
76 132 86
133 86 81
86 133 81
81 133 86
134 133 132
133 134 132
132 134 133
135 134 131
134 135 131
131 135 134
136 135 130
135 136 130
130 136 135
137 135 130
135 137 130
130 137 135
138 137 136
137 138 136
136 138 137
139 138 129
138 139 129
129 139 138
140 138 129
138 140 129
129 140 138
141 140 139
140 141 139
139 141 140
142 141 100
141 142 100
100 142 141
143 141 100
141 143 100
100 143 141
144 143 142
143 144 142
142 144 143
145 144 99
144 145 99
99 145 144
146 144 99
144 146 99
99 146 144
147 146 145
146 147 145
145 147 146
148 144 99
144 148 99
99 148 144
149 141 100
141 149 100
100 149 141
150 135 129
135 150 129
129 150 135
151 130 129
130 151 129
129 151 130
152 135 130
135 152 130
130 152 135
153 152 151
152 153 151
151 153 152
154 153 150
153 154 150
150 154 153
155 13 7
13 155 7
7 155 13
156 14 6
14 156 6
6 156 14
157 15 5
15 157 5
5 157 15
158 157 156
157 158 156
156 158 157
159 157 156
157 159 156
156 159 157
160 159 158
159 160 158
158 160 159
161 160 155
160 161 155
155 161 160
162 160 155
160 162 155
155 162 160
163 162 161
162 163 161
161 163 162
164 102 101
102 164 101
101 164 102
165 103 101
103 165 101
101 165 103
166 103 102
103 166 102
102 166 103
167 166 165
166 167 165
165 167 166
168 167 164
167 168 164
164 168 167
169 16 4
16 169 4
4 169 16
170 17 3
17 170 3
3 170 17
171 18 2
18 171 2
2 171 18
172 171 170
171 172 170
170 172 171
173 171 170
171 173 170
170 173 171
174 173 172
173 174 172
172 174 173
175 174 169
174 175 169
169 175 174
176 174 169
174 176 169
169 176 174
177 176 175
176 177 175
175 177 176
178 177 168
177 178 168
168 178 177
179 177 168
177 179 168
168 179 177
180 179 178
179 180 178
178 180 179
181 180 163
180 181 163
163 181 180
182 180 163
180 182 163
163 182 180
183 182 181
182 183 181
181 183 182
184 114 109
114 184 109
109 184 114
185 123 109
123 185 109
109 185 123
186 123 114
123 186 114
114 186 123
187 186 185
186 187 185
185 187 186
188 187 184
187 188 184
184 188 187
189 19 1
19 189 1
1 189 19
190 116 115
116 190 115
115 190 116
191 117 115
117 191 115
115 191 117
192 117 116
117 192 116
116 192 117
193 192 191
192 193 191
191 193 192
194 193 190
193 194 190
190 194 193
195 194 189
194 195 189
189 195 194
196 194 189
194 196 189
189 196 194
197 196 195
196 197 195
195 197 196
198 197 188
197 198 188
188 198 197
199 197 188
197 199 188
188 199 197
200 199 198
199 200 198
198 200 199
201 200 183
200 201 183
183 201 200
202 200 183
200 202 183
183 202 200
203 202 201
202 203 201
201 203 202
204 203 154
203 204 154
154 204 203
205 203 154
203 205 154
154 205 203
206 205 204
205 206 204
204 206 205
207 206 149
206 207 149
149 207 206
208 206 149
206 208 149
149 208 206
209 208 207
208 209 207
207 209 208
210 209 148
209 210 148
148 210 209
211 209 148
209 211 148
148 211 209
212 211 210
211 212 210
210 212 211
213 209 148
209 213 148
148 213 209
214 206 149
206 214 149
149 214 206
215 203 154
203 215 154
154 215 203
216 13 8
13 216 8
8 216 13
217 14 7
14 217 7
7 217 14
218 15 6
15 218 6
6 218 15
219 218 217
218 219 217
217 219 218
220 218 217
218 220 217
217 220 218
221 220 219
220 221 219
219 221 220
222 221 216
221 222 216
216 222 221
223 221 216
221 223 216
216 223 221
224 223 222
223 224 222
222 224 223
225 156 155
156 225 155
155 225 156
226 157 155
157 226 155
155 226 157
227 157 156
157 227 156
156 227 157
228 227 226
227 228 226
226 228 227
229 228 225
228 229 225
225 229 228
230 16 5
16 230 5
5 230 16
231 17 4
17 231 4
4 231 17
232 18 3
18 232 3
3 232 18
233 232 231
232 233 231
231 233 232
234 232 231
232 234 231
231 234 232
235 234 233
234 235 233
233 235 234
236 235 230
235 236 230
230 236 235
237 235 230
235 237 230
230 237 235
238 237 236
237 238 236
236 238 237
239 238 229
238 239 229
229 239 238
240 238 229
238 240 229
229 240 238
241 240 239
240 241 239
239 241 240
242 241 224
241 242 224
224 242 241
243 241 224
241 243 224
224 243 241
244 243 242
243 244 242
242 244 243
245 168 163
168 245 163
163 245 168
246 177 163
177 246 163
163 246 177
247 177 168
177 247 168
168 247 177
248 247 246
247 248 246
246 248 247
249 248 245
248 249 245
245 249 248
250 170 169
170 250 169
169 250 170
251 171 169
171 251 169
169 251 171
252 171 170
171 252 170
170 252 171
253 252 251
252 253 251
251 253 252
254 253 250
253 254 250
250 254 253
255 19 2
19 255 2
2 255 19
256 20 1
20 256 1
1 256 20
257 256 255
256 257 255
255 257 256
258 256 255
256 258 255
255 258 256
259 258 257
258 259 257
257 259 258
260 259 254
259 260 254
254 260 259
261 259 254
259 261 254
254 261 259
262 261 260
261 262 260
260 262 261
263 262 249
262 263 249
249 263 262
264 262 249
262 264 249
249 264 262
265 264 263
264 265 263
263 265 264
266 265 244
265 266 244
244 266 265
267 265 244
265 267 244
244 267 265
268 267 266
267 268 266
266 268 267
269 194 189
194 269 189
189 269 194
270 188 183
188 270 183
183 270 188
271 197 183
197 271 183
183 271 197
272 197 188
197 272 188
188 272 197
273 272 271
272 273 271
271 273 272
274 273 270
273 274 270
270 274 273
275 274 269
274 275 269
269 275 274
276 274 269
274 276 269
269 276 274
277 276 275
276 277 275
275 277 276
278 277 268
277 278 268
268 278 277
279 277 268
277 279 268
268 279 277
280 279 278
279 280 278
278 280 279
281 280 215
280 281 215
215 281 280
282 280 215
280 282 215
215 282 280
283 282 281
282 283 281
281 283 282
284 283 214
283 284 214
214 284 283
285 283 214
283 285 214
214 285 283
286 285 284
285 286 284
284 286 285
287 286 213
286 287 213
213 287 286
288 286 213
286 288 213
213 288 286
289 288 287
288 289 287
287 289 288
290 283 213
283 290 213
213 290 283
291 214 213
214 291 213
213 291 214
292 283 214
283 292 214
214 292 283
293 292 291
292 293 291
291 293 292
294 293 290
293 294 290
290 294 293
295 280 215
280 295 215
215 295 280
296 274 268
274 296 268
268 296 274
297 269 268
269 297 268
268 297 269
298 274 269
274 298 269
269 298 274
299 298 297
298 299 297
297 299 298
300 299 296
299 300 296
296 300 299
301 13 9
13 301 9
9 301 13
302 14 8
14 302 8
8 302 14
303 15 7
15 303 7
7 303 15
304 303 302
303 304 302
302 304 303
305 303 302
303 305 302
302 305 303
306 305 304
305 306 304
304 306 305
307 306 301
306 307 301
301 307 306
308 306 301
306 308 301
301 308 306
309 308 307
308 309 307
307 309 308
310 217 216
217 310 216
216 310 217
311 218 216
218 311 216
216 311 218
312 218 217
218 312 217
217 312 218
313 312 311
312 313 311
311 313 312
314 313 310
313 314 310
310 314 313
315 16 6
16 315 6
6 315 16
316 17 5
17 316 5
5 316 17
317 18 4
18 317 4
4 317 18
318 317 316
317 318 316
316 318 317
319 317 316
317 319 316
316 319 317
320 319 318
319 320 318
318 320 319
321 320 315
320 321 315
315 321 320
322 320 315
320 322 315
315 322 320
323 322 321
322 323 321
321 323 322
324 323 314
323 324 314
314 324 323
325 323 314
323 325 314
314 325 323
326 325 324
325 326 324
324 326 325
327 326 309
326 327 309
309 327 326
328 326 309
326 328 309
309 328 326
329 328 327
328 329 327
327 329 328
330 229 224
229 330 224
224 330 229
331 238 224
238 331 224
224 331 238
332 238 229
238 332 229
229 332 238
333 332 331
332 333 331
331 333 332
334 333 330
333 334 330
330 334 333
335 231 230
231 335 230
230 335 231
336 232 230
232 336 230
230 336 232
337 232 231
232 337 231
231 337 232
338 337 336
337 338 336
336 338 337
339 338 335
338 339 335
335 339 338
340 256 255
256 340 255
255 340 256
341 19 3
19 341 3
3 341 19
342 20 2
20 342 2
2 342 20
343 21 1
21 343 1
1 343 21
344 343 342
343 344 342
342 344 343
345 343 342
343 345 342
342 345 343
346 345 344
345 346 344
344 346 345
347 346 341
346 347 341
341 347 346
348 346 341
346 348 341
341 348 346
349 348 347
348 349 347
347 349 348
350 349 340
349 350 340
340 350 349
351 349 340
349 351 340
340 351 349
352 351 350
351 352 350
350 352 351
353 352 339
352 353 339
339 353 352
354 352 339
352 354 339
339 354 352
355 354 353
354 355 353
353 355 354
356 355 334
355 356 334
334 356 355
357 355 334
355 357 334
334 357 355
358 357 356
357 358 356
356 358 357
359 358 329
358 359 329
329 359 358
360 358 329
358 360 329
329 360 358
361 360 359
360 361 359
359 361 360
362 259 254
259 362 254
254 362 259
363 249 244
249 363 244
244 363 249
364 262 244
262 364 244
244 364 262
365 262 249
262 365 249
249 365 262
366 365 364
365 366 364
364 366 365
367 366 363
366 367 363
363 367 366
368 367 362
367 368 362
362 368 367
369 367 362
367 369 362
362 369 367
370 369 368
369 370 368
368 370 369
371 370 361
370 371 361
361 371 370
372 370 361
370 372 361
361 372 370
373 372 371
372 373 371
371 373 372
374 373 300
373 374 300
300 374 373
375 373 300
373 375 300
300 375 373
376 375 374
375 376 374
374 376 375
377 376 295
376 377 295
295 377 376
378 376 295
376 378 295
295 378 376
379 378 377
378 379 377
377 379 378
380 379 294
379 380 294
294 380 379
381 379 294
379 381 294
294 381 379
382 381 380
381 382 380
380 382 381
383 376 294
376 383 294
294 383 376
384 295 294
295 384 294
294 384 295
385 376 295
376 385 295
295 385 376
386 385 384
385 386 384
384 386 385
387 386 383
386 387 383
383 387 386
388 373 300
373 388 300
300 388 373
389 367 361
367 389 361
361 389 367
390 362 361
362 390 361
361 390 362
391 367 362
367 391 362
362 391 367
392 391 390
391 392 390
390 392 391
393 392 389
392 393 389
389 393 392
394 13 10
13 394 10
10 394 13
395 14 9
14 395 9
9 395 14
396 15 8
15 396 8
8 396 15
397 396 395
396 397 395
395 397 396
398 396 395
396 398 395
395 398 396
399 398 397
398 399 397
397 399 398
400 399 394
399 400 394
394 400 399
401 399 394
399 401 394
394 401 399
402 401 400
401 402 400
400 402 401
403 302 301
302 403 301
301 403 302
404 303 301
303 404 301
301 404 303
405 303 302
303 405 302
302 405 303
406 405 404
405 406 404
404 406 405
407 406 403
406 407 403
403 407 406
408 16 7
16 408 7
7 408 16
409 17 6
17 409 6
6 409 17
410 18 5
18 410 5
5 410 18
411 410 409
410 411 409
409 411 410
412 410 409
410 412 409
409 412 410
413 412 411
412 413 411
411 413 412
414 413 408
413 414 408
408 414 413
415 413 408
413 415 408
408 415 413
416 415 414
415 416 414
414 416 415
417 416 407
416 417 407
407 417 416
418 416 407
416 418 407
407 418 416
419 418 417
418 419 417
417 419 418
420 419 402
419 420 402
402 420 419
421 419 402
419 421 402
402 421 419
422 421 420
421 422 420
420 422 421
423 314 309
314 423 309
309 423 314
424 323 309
323 424 309
309 424 323
425 323 314
323 425 314
314 425 323
426 425 424
425 426 424
424 426 425
427 426 423
426 427 423
423 427 426
428 316 315
316 428 315
315 428 316
429 317 315
317 429 315
315 429 317
430 317 316
317 430 316
316 430 317
431 430 429
430 431 429
429 431 430
432 431 428
431 432 428
428 432 431
433 342 341
342 433 341
341 433 342
434 343 341
343 434 341
341 434 343
435 343 342
343 435 342
342 435 343
436 435 434
435 436 434
434 436 435
437 436 433
436 437 433
433 437 436
438 19 4
19 438 4
4 438 19
439 20 3
20 439 3
3 439 20
440 21 2
21 440 2
2 440 21
441 440 439
440 441 439
439 441 440
442 440 439
440 442 439
439 442 440
443 442 441
442 443 441
441 443 442
444 443 438
443 444 438
438 444 443
445 443 438
443 445 438
438 445 443
446 445 444
445 446 444
444 446 445
447 446 437
446 447 437
437 447 446
448 446 437
446 448 437
437 448 446
449 448 447
448 449 447
447 449 448
450 449 432
449 450 432
432 450 449
451 449 432
449 451 432
432 451 449
452 451 450
451 452 450
450 452 451
453 452 427
452 453 427
427 453 452
454 452 427
452 454 427
427 454 452
455 454 453
454 455 453
453 455 454
456 455 422
455 456 422
422 456 455
457 455 422
455 457 422
422 457 455
458 457 456
457 458 456
456 458 457
459 334 329
334 459 329
329 459 334
460 355 329
355 460 329
329 460 355
461 355 334
355 461 334
334 461 355
462 461 460
461 462 460
460 462 461
463 462 459
462 463 459
459 463 462
464 22 1
22 464 1
1 464 22
465 349 339
349 465 339
339 465 349
466 340 339
340 466 339
339 466 340
467 349 340
349 467 340
340 467 349
468 467 466
467 468 466
466 468 467
469 468 465
468 469 465
465 469 468
470 469 464
469 470 464
464 470 469
471 469 464
469 471 464
464 471 469
472 471 470
471 472 470
470 472 471
473 472 463
472 473 463
463 473 472
474 472 463
472 474 463
463 474 472
475 474 473
474 475 473
473 475 474
476 475 458
475 476 458
458 476 475
477 475 458
475 477 458
458 477 475
478 477 476
477 478 476
476 478 477
479 478 393
478 479 393
393 479 478
480 478 393
478 480 393
393 480 478
481 480 479
480 481 479
479 481 480
482 481 388
481 482 388
388 482 481
483 481 388
481 483 388
388 483 481
484 483 482
483 484 482
482 484 483
485 484 387
484 485 387
387 485 484
486 484 387
484 486 387
387 486 484
487 486 485
486 487 485
485 487 486
488 481 387
481 488 387
387 488 481
489 388 387
388 489 387
387 489 388
490 481 388
481 490 388
388 490 481
491 490 489
490 491 489
489 491 490
492 491 488
491 492 488
488 492 491
493 478 393
478 493 393
393 493 478
494 13 11
13 494 11
11 494 13
495 14 10
14 495 10
10 495 14
496 15 9
15 496 9
9 496 15
497 496 495
496 497 495
495 497 496
498 496 495
496 498 495
495 498 496
499 498 497
498 499 497
497 499 498
500 499 494
499 500 494
494 500 499
501 499 494
499 501 494
494 501 499
502 501 500
501 502 500
500 502 501
503 395 394
395 503 394
394 503 395
504 396 394
396 504 394
394 504 396
505 396 395
396 505 395
395 505 396
506 505 504
505 506 504
504 506 505
507 506 503
506 507 503
503 507 506
508 16 8
16 508 8
8 508 16
509 17 7
17 509 7
7 509 17
510 18 6
18 510 6
6 510 18
511 510 509
510 511 509
509 511 510
512 510 509
510 512 509
509 512 510
513 512 511
512 513 511
511 513 512
514 513 508
513 514 508
508 514 513
515 513 508
513 515 508
508 515 513
516 515 514
515 516 514
514 516 515
517 516 507
516 517 507
507 517 516
518 516 507
516 518 507
507 518 516
519 518 517
518 519 517
517 519 518
520 519 502
519 520 502
502 520 519
521 519 502
519 521 502
502 521 519
522 521 520
521 522 520
520 522 521
523 407 402
407 523 402
402 523 407
524 416 402
416 524 402
402 524 416
525 416 407
416 525 407
407 525 416
526 525 524
525 526 524
524 526 525
527 526 523
526 527 523
523 527 526
528 409 408
409 528 408
408 528 409
529 410 408
410 529 408
408 529 410
530 410 409
410 530 409
409 530 410
531 530 529
530 531 529
529 531 530
532 531 528
531 532 528
528 532 531
533 439 438
439 533 438
438 533 439
534 440 438
440 534 438
438 534 440
535 440 439
440 535 439
439 535 440
536 535 534
535 536 534
534 536 535
537 536 533
536 537 533
533 537 536
538 19 5
19 538 5
5 538 19
539 20 4
20 539 4
4 539 20
540 21 3
21 540 3
3 540 21
541 540 539
540 541 539
539 541 540
542 540 539
540 542 539
539 542 540
543 542 541
542 543 541
541 543 542
544 543 538
543 544 538
538 544 543
545 543 538
543 545 538
538 545 543
546 545 544
545 546 544
544 546 545
547 546 537
546 547 537
537 547 546
548 546 537
546 548 537
537 548 546
549 548 547
548 549 547
547 549 548
550 549 532
549 550 532
532 550 549
551 549 532
549 551 532
532 551 549
552 551 550
551 552 550
550 552 551
553 552 527
552 553 527
527 553 552
554 552 527
552 554 527
527 554 552
555 554 553
554 555 553
553 555 554
556 555 522
555 556 522
522 556 555
557 555 522
555 557 522
522 557 555
558 557 556
557 558 556
556 558 557
559 427 422
427 559 422
422 559 427
560 452 422
452 560 422
422 560 452
561 452 427
452 561 427
427 561 452
562 561 560
561 562 560
560 562 561
563 562 559
562 563 559
559 563 562
564 22 2
22 564 2
2 564 22
565 23 1
23 565 1
1 565 23
566 565 564
565 566 564
564 566 565
567 565 564
565 567 564
564 567 565
568 567 566
567 568 566
566 568 567
569 446 432
446 569 432
432 569 446
570 437 432
437 570 432
432 570 437
571 446 437
446 571 437
437 571 446
572 571 570
571 572 570
570 572 571
573 572 569
572 573 569
569 573 572
574 573 568
573 574 568
568 574 573
575 573 568
573 575 568
568 575 573
576 575 574
575 576 574
574 576 575
577 576 563
576 577 563
563 577 576
578 576 563
576 578 563
563 578 576
579 578 577
578 579 577
577 579 578
580 579 558
579 580 558
558 580 579
581 579 558
579 581 558
558 581 579
582 581 580
581 582 580
580 582 581
583 469 464
469 583 464
464 583 469
584 463 458
463 584 458
458 584 463
585 472 458
472 585 458
458 585 472
586 472 463
472 586 463
463 586 472
587 586 585
586 587 585
585 587 586
588 587 584
587 588 584
584 588 587
589 588 583
588 589 583
583 589 588
590 588 583
588 590 583
583 590 588
591 590 589
590 591 589
589 591 590
592 591 582
591 592 582
582 592 591
593 591 582
591 593 582
582 593 591
594 593 592
593 594 592
592 594 593
595 594 493
594 595 493
493 595 594
596 594 493
594 596 493
493 596 594
597 596 595
596 597 595
595 597 596
598 597 492
597 598 492
492 598 597
599 597 492
597 599 492
492 599 597
600 599 598
599 600 598
598 600 599
601 594 492
594 601 492
492 601 594
602 493 492
493 602 492
492 602 493
603 594 493
594 603 493
493 603 594
604 603 602
603 604 602
602 604 603
605 604 601
604 605 601
601 605 604
606 588 582
588 606 582
582 606 588
607 583 582
583 607 582
582 607 583
608 588 583
588 608 583
583 608 588
609 608 607
608 609 607
607 609 608
610 609 606
609 610 606
606 610 609
611 13 12
13 611 12
12 611 13
612 14 11
14 612 11
11 612 14
613 15 10
15 613 10
10 613 15
614 613 612
613 614 612
612 614 613
615 613 612
613 615 612
612 615 613
616 615 614
615 616 614
614 616 615
617 616 611
616 617 611
611 617 616
618 616 611
616 618 611
611 618 616
619 618 617
618 619 617
617 619 618
620 495 494
495 620 494
494 620 495
621 496 494
496 621 494
494 621 496
622 496 495
496 622 495
495 622 496
623 622 621
622 623 621
621 623 622
624 623 620
623 624 620
620 624 623
625 16 9
16 625 9
9 625 16
626 17 8
17 626 8
8 626 17
627 18 7
18 627 7
7 627 18
628 627 626
627 628 626
626 628 627
629 627 626
627 629 626
626 629 627
630 629 628
629 630 628
628 630 629
631 630 625
630 631 625
625 631 630
632 630 625
630 632 625
625 632 630
633 632 631
632 633 631
631 633 632
634 633 624
633 634 624
624 634 633
635 633 624
633 635 624
624 635 633
636 635 634
635 636 634
634 636 635
637 636 619
636 637 619
619 637 636
638 636 619
636 638 619
619 638 636
639 638 637
638 639 637
637 639 638
640 507 502
507 640 502
502 640 507
641 516 502
516 641 502
502 641 516
642 516 507
516 642 507
507 642 516
643 642 641
642 643 641
641 643 642
644 643 640
643 644 640
640 644 643
645 509 508
509 645 508
508 645 509
646 510 508
510 646 508
508 646 510
647 510 509
510 647 509
509 647 510
648 647 646
647 648 646
646 648 647
649 648 645
648 649 645
645 649 648
650 539 538
539 650 538
538 650 539
651 540 538
540 651 538
538 651 540
652 540 539
540 652 539
539 652 540
653 652 651
652 653 651
651 653 652
654 653 650
653 654 650
650 654 653
655 19 6
19 655 6
6 655 19
656 20 5
20 656 5
5 656 20
657 21 4
21 657 4
4 657 21
658 657 656
657 658 656
656 658 657
659 657 656
657 659 656
656 659 657
660 659 658
659 660 658
658 660 659
661 660 655
660 661 655
655 661 660
662 660 655
660 662 655
655 662 660
663 662 661
662 663 661
661 663 662
664 663 654
663 664 654
654 664 663
665 663 654
663 665 654
654 665 663
666 665 664
665 666 664
664 666 665
667 666 649
666 667 649
649 667 666
668 666 649
666 668 649
649 668 666
669 668 667
668 669 667
667 669 668
670 669 644
669 670 644
644 670 669
671 669 644
669 671 644
644 671 669
672 671 670
671 672 670
670 672 671
673 672 639
672 673 639
639 673 672
674 672 639
672 674 639
639 674 672
675 674 673
674 675 673
673 675 674
676 527 522
527 676 522
522 676 527
677 552 522
552 677 522
522 677 552
678 552 527
552 678 527
527 678 552
679 678 677
678 679 677
677 679 678
680 679 676
679 680 676
676 680 679
681 546 532
546 681 532
532 681 546
682 537 532
537 682 532
532 682 537
683 546 537
546 683 537
537 683 546
684 683 682
683 684 682
682 684 683
685 684 681
684 685 681
681 685 684
686 565 564
565 686 564
564 686 565
687 22 3
22 687 3
3 687 22
688 23 2
23 688 2
2 688 23
689 24 1
24 689 1
1 689 24
690 689 688
689 690 688
688 690 689
691 689 688
689 691 688
688 691 689
692 691 690
691 692 690
690 692 691
693 692 687
692 693 687
687 693 692
694 692 687
692 694 687
687 694 692
695 694 693
694 695 693
693 695 694
696 695 686
695 696 686
686 696 695
697 695 686
695 697 686
686 697 695
698 697 696
697 698 696
696 698 697
699 698 685
698 699 685
685 699 698
700 698 685
698 700 685
685 700 698
701 700 699
700 701 699
699 701 700
702 701 680
701 702 680
680 702 701
703 701 680
701 703 680
680 703 701
704 703 702
703 704 702
702 704 703
705 704 675
704 705 675
675 705 704
706 704 675
704 706 675
675 706 704
707 706 705
706 707 705
705 707 706
708 573 568
573 708 568
568 708 573
709 563 558
563 709 558
558 709 563
710 576 558
576 710 558
558 710 576
711 576 563
576 711 563
563 711 576
712 711 710
711 712 710
710 712 711
713 712 709
712 713 709
709 713 712
714 713 708
713 714 708
708 714 713
715 713 708
713 715 708
708 715 713
716 715 714
715 716 714
714 716 715
717 716 707
716 717 707
707 717 716
718 716 707
716 718 707
707 718 716
719 718 717
718 719 717
717 719 718
720 719 610
719 720 610
610 720 719
721 719 610
719 721 610
610 721 719
722 721 720
721 722 720
720 722 721
723 722 605
722 723 605
605 723 722
724 722 605
722 724 605
605 724 722
725 724 723
724 725 723
723 725 724
726 719 605
719 726 605
605 726 719
727 610 605
610 727 605
605 727 610
728 719 610
719 728 610
610 728 719
729 728 727
728 729 727
727 729 728
730 729 726
729 730 726
726 730 729
731 713 707
713 731 707
707 731 713
732 708 707
708 732 707
707 732 708
733 713 708
713 733 708
708 733 713
734 733 732
733 734 732
732 734 733
735 734 731
734 735 731
731 735 734
736 14 12
14 736 12
12 736 14
737 15 11
15 737 11
11 737 15
738 737 736
737 738 736
736 738 737
739 737 736
737 739 736
736 739 737
740 739 738
739 740 738
738 740 739
741 612 611
612 741 611
611 741 612
742 613 611
613 742 611
611 742 613
743 613 612
613 743 612
612 743 613
744 743 742
743 744 742
742 744 743
745 744 741
744 745 741
741 745 744
746 16 10
16 746 10
10 746 16
747 17 9
17 747 9
9 747 17
748 18 8
18 748 8
8 748 18
749 748 747
748 749 747
747 749 748
750 748 747
748 750 747
747 750 748
751 750 749
750 751 749
749 751 750
752 751 746
751 752 746
746 752 751
753 751 746
751 753 746
746 753 751
754 753 752
753 754 752
752 754 753
755 754 745
754 755 745
745 755 754
756 754 745
754 756 745
745 756 754
757 756 755
756 757 755
755 757 756
758 757 740
757 758 740
740 758 757
759 757 740
757 759 740
740 759 757
760 759 758
759 760 758
758 760 759
761 624 619
624 761 619
619 761 624
762 633 619
633 762 619
619 762 633
763 633 624
633 763 624
624 763 633
764 763 762
763 764 762
762 764 763
765 764 761
764 765 761
761 765 764
766 626 625
626 766 625
625 766 626
767 627 625
627 767 625
625 767 627
768 627 626
627 768 626
626 768 627
769 768 767
768 769 767
767 769 768
770 769 766
769 770 766
766 770 769
771 656 655
656 771 655
655 771 656
772 657 655
657 772 655
655 772 657
773 657 656
657 773 656
656 773 657
774 773 772
773 774 772
772 774 773
775 774 771
774 775 771
771 775 774
776 19 7
19 776 7
7 776 19
777 20 6
20 777 6
6 777 20
778 21 5
21 778 5
5 778 21
779 778 777
778 779 777
777 779 778
780 778 777
778 780 777
777 780 778
781 780 779
780 781 779
779 781 780
782 781 776
781 782 776
776 782 781
783 781 776
781 783 776
776 783 781
784 783 782
783 784 782
782 784 783
785 784 775
784 785 775
775 785 784
786 784 775
784 786 775
775 786 784
787 786 785
786 787 785
785 787 786
788 787 770
787 788 770
770 788 787
789 787 770
787 789 770
770 789 787
790 789 788
789 790 788
788 790 789
791 790 765
790 791 765
765 791 790
792 790 765
790 792 765
765 792 790
793 792 791
792 793 791
791 793 792
794 793 760
793 794 760
760 794 793
795 793 760
793 795 760
760 795 793
796 795 794
795 796 794
794 796 795
797 644 639
644 797 639
639 797 644
798 669 639
669 798 639
639 798 669
799 669 644
669 799 644
644 799 669
800 799 798
799 800 798
798 800 799
801 800 797
800 801 797
797 801 800
802 663 649
663 802 649
649 802 663
803 654 649
654 803 649
649 803 654
804 663 654
663 804 654
654 804 663
805 804 803
804 805 803
803 805 804
806 805 802
805 806 802
802 806 805
807 688 687
688 807 687
687 807 688
808 689 687
689 808 687
687 808 689
809 689 688
689 809 688
688 809 689
810 809 808
809 810 808
808 810 809
811 810 807
810 811 807
807 811 810
812 22 4
22 812 4
4 812 22
813 23 3
23 813 3
3 813 23
814 24 2
24 814 2
2 814 24
815 814 813
814 815 813
813 815 814
816 814 813
814 816 813
813 816 814
817 816 815
816 817 815
815 817 816
818 817 812
817 818 812
812 818 817
819 817 812
817 819 812
812 819 817
820 819 818
819 820 818
818 820 819
821 820 811
820 821 811
811 821 820
822 820 811
820 822 811
811 822 820
823 822 821
822 823 821
821 823 822
824 823 806
823 824 806
806 824 823
825 823 806
823 825 806
806 825 823
826 825 824
825 826 824
824 826 825
827 826 801
826 827 801
801 827 826
828 826 801
826 828 801
801 828 826
829 828 827
828 829 827
827 829 828
830 829 796
829 830 796
796 830 829
831 829 796
829 831 796
796 831 829
832 831 830
831 832 830
830 832 831
833 686 685
686 833 685
685 833 686
834 695 685
695 834 685
685 834 695
835 695 686
695 835 686
686 835 695
836 835 834
835 836 834
834 836 835
837 836 833
836 837 833
833 837 836
838 680 675
680 838 675
675 838 680
839 701 675
701 839 675
675 839 701
840 701 680
701 840 680
680 840 701
841 840 839
840 841 839
839 841 840
842 841 838
841 842 838
838 842 841
843 842 837
842 843 837
837 843 842
844 842 837
842 844 837
837 844 842
845 844 843
844 845 843
843 845 844
846 845 832
845 846 832
832 846 845
847 845 832
845 847 832
832 847 845
848 847 846
847 848 846
846 848 847
849 848 735
848 849 735
735 849 848
850 848 735
848 850 735
735 850 848
851 850 849
850 851 849
849 851 850
852 851 730
851 852 730
730 852 851
853 851 730
851 853 730
730 853 851
854 853 852
853 854 852
852 854 853
855 848 730
848 855 730
730 855 848
856 735 730
735 856 730
730 856 735
857 848 735
848 857 735
735 857 848
858 857 856
857 858 856
856 858 857
859 858 855
858 859 855
855 859 858
860 842 832
842 860 832
832 860 842
861 837 832
837 861 832
832 861 837
862 842 837
842 862 837
837 862 842
863 862 861
862 863 861
861 863 862
864 863 860
863 864 860
860 864 863
865 15 12
15 865 12
12 865 15
866 737 736
737 866 736
736 866 737
867 16 11
16 867 11
11 867 16
868 17 10
17 868 10
10 868 17
869 18 9
18 869 9
9 869 18
870 869 868
869 870 868
868 870 869
871 869 868
869 871 868
868 871 869
872 871 870
871 872 870
870 872 871
873 872 867
872 873 867
867 873 872
874 872 867
872 874 867
867 874 872
875 874 873
874 875 873
873 875 874
876 875 866
875 876 866
866 876 875
877 875 866
875 877 866
866 877 875
878 877 876
877 878 876
876 878 877
879 878 865
878 879 865
865 879 878
880 878 865
878 880 865
865 880 878
881 880 879
880 881 879
879 881 880
882 745 740
745 882 740
740 882 745
883 754 740
754 883 740
740 883 754
884 754 745
754 884 745
745 884 754
885 884 883
884 885 883
883 885 884
886 885 882
885 886 882
882 886 885
887 747 746
747 887 746
746 887 747
888 748 746
748 888 746
746 888 748
889 748 747
748 889 747
747 889 748
890 889 888
889 890 888
888 890 889
891 890 887
890 891 887
887 891 890
892 777 776
777 892 776
776 892 777
893 778 776
778 893 776
776 893 778
894 778 777
778 894 777
777 894 778
895 894 893
894 895 893
893 895 894
896 895 892
895 896 892
892 896 895
897 19 8
19 897 8
8 897 19
898 20 7
20 898 7
7 898 20
899 21 6
21 899 6
6 899 21
900 899 898
899 900 898
898 900 899
901 899 898
899 901 898
898 901 899
902 901 900
901 902 900
900 902 901
903 902 897
902 903 897
897 903 902
904 902 897
902 904 897
897 904 902
905 904 903
904 905 903
903 905 904
906 905 896
905 906 896
896 906 905
907 905 896
905 907 896
896 907 905
908 907 906
907 908 906
906 908 907
909 908 891
908 909 891
891 909 908
910 908 891
908 910 891
891 910 908
911 910 909
910 911 909
909 911 910
912 911 886
911 912 886
886 912 911
913 911 886
911 913 886
886 913 911
914 913 912
913 914 912
912 914 913
915 914 881
914 915 881
881 915 914
916 914 881
914 916 881
881 916 914
917 916 915
916 917 915
915 917 916
918 765 760
765 918 760
760 918 765
919 790 760
790 919 760
760 919 790
920 790 765
790 920 765
765 920 790
921 920 919
920 921 919
919 921 920
922 921 918
921 922 918
918 922 921
923 784 770
784 923 770
770 923 784
924 775 770
775 924 770
770 924 775
925 784 775
784 925 775
775 925 784
926 925 924
925 926 924
924 926 925
927 926 923
926 927 923
923 927 926
928 813 812
813 928 812
812 928 813
929 814 812
814 929 812
812 929 814
930 814 813
814 930 813
813 930 814
931 930 929
930 931 929
929 931 930
932 931 928
931 932 928
928 932 931
933 22 5
22 933 5
5 933 22
934 23 4
23 934 4
4 934 23
935 24 3
24 935 3
3 935 24
936 935 934
935 936 934
934 936 935
937 935 934
935 937 934
934 937 935
938 937 936
937 938 936
936 938 937
939 938 933
938 939 933
933 939 938
940 938 933
938 940 933
933 940 938
941 940 939
940 941 939
939 941 940
942 941 932
941 942 932
932 942 941
943 941 932
941 943 932
932 943 941
944 943 942
943 944 942
942 944 943
945 944 927
944 945 927
927 945 944
946 944 927
944 946 927
927 946 944
947 946 945
946 947 945
945 947 946
948 947 922
947 948 922
922 948 947
949 947 922
947 949 922
922 949 947
950 949 948
949 950 948
948 950 949
951 950 917
950 951 917
917 951 950
952 950 917
950 952 917
917 952 950
953 952 951
952 953 951
951 953 952
954 811 806
811 954 806
806 954 811
955 820 806
820 955 806
806 955 820
956 820 811
820 956 811
811 956 820
957 956 955
956 957 955
955 957 956
958 957 954
957 958 954
954 958 957
959 801 796
801 959 796
796 959 801
960 826 796
826 960 796
796 960 826
961 826 801
826 961 801
801 961 826
962 961 960
961 962 960
960 962 961
963 962 959
962 963 959
959 963 962
964 963 958
963 964 958
958 964 963
965 963 958
963 965 958
958 965 963
966 965 964
965 966 964
964 966 965
967 966 953
966 967 953
953 967 966
968 966 953
966 968 953
953 968 966
969 968 967
968 969 967
967 969 968
970 969 864
969 970 864
864 970 969
971 969 864
969 971 864
864 971 969
972 971 970
971 972 970
970 972 971
973 972 859
972 973 859
859 973 972
974 972 859
972 974 859
859 974 972
975 974 973
974 975 973
973 975 974
976 969 859
969 976 859
859 976 969
977 864 859
864 977 859
859 977 864
978 969 864
969 978 864
864 978 969
979 978 977
978 979 977
977 979 978
980 979 976
979 980 976
976 980 979
981 963 953
963 981 953
953 981 963
982 958 953
958 982 953
953 982 958
983 963 958
963 983 958
958 983 963
984 983 982
983 984 982
982 984 983
985 984 981
984 985 981
981 985 984
986 16 12
16 986 12
12 986 16
987 17 11
17 987 11
11 987 17
988 18 10
18 988 10
10 988 18
989 988 987
988 989 987
987 989 988
990 988 987
988 990 987
987 990 988
991 990 989
990 991 989
989 991 990
992 991 986
991 992 986
986 992 991
993 991 986
991 993 986
986 993 991
994 993 992
993 994 992
992 994 993
995 866 865
866 995 865
865 995 866
996 875 865
875 996 865
865 996 875
997 875 866
875 997 866
866 997 875
998 997 996
997 998 996
996 998 997
999 998 995
998 999 995
995 999 998
1000 868 867
868 1000 867
867 1000 868
1001 869 867
869 1001 867
867 1001 869
1002 869 868
869 1002 868
868 1002 869
1003 1002 1001
1002 1003 1001
1001 1003 1002
1004 1003 1000
1003 1004 1000
1000 1004 1003
1005 898 897
898 1005 897
897 1005 898
1006 899 897
899 1006 897
897 1006 899
1007 899 898
899 1007 898
898 1007 899
1008 1007 1006
1007 1008 1006
1006 1008 1007
1009 1008 1005
1008 1009 1005
1005 1009 1008
1010 19 9
19 1010 9
9 1010 19
1011 20 8
20 1011 8
8 1011 20
1012 21 7
21 1012 7
7 1012 21
1013 1012 1011
1012 1013 1011
1011 1013 1012
1014 1012 1011
1012 1014 1011
1011 1014 1012
1015 1014 1013
1014 1015 1013
1013 1015 1014
1016 1015 1010
1015 1016 1010
1010 1016 1015
1017 1015 1010
1015 1017 1010
1010 1017 1015
1018 1017 1016
1017 1018 1016
1016 1018 1017
1019 1018 1009
1018 1019 1009
1009 1019 1018
1020 1018 1009
1018 1020 1009
1009 1020 1018
1021 1020 1019
1020 1021 1019
1019 1021 1020
1022 1021 1004
1021 1022 1004
1004 1022 1021
1023 1021 1004
1021 1023 1004
1004 1023 1021
1024 1023 1022
1023 1024 1022
1022 1024 1023
1025 1024 999
1024 1025 999
999 1025 1024
1026 1024 999
1024 1026 999
999 1026 1024
1027 1026 1025
1026 1027 1025
1025 1027 1026
1028 1027 994
1027 1028 994
994 1028 1027
1029 1027 994
1027 1029 994
994 1029 1027
1030 1029 1028
1029 1030 1028
1028 1030 1029
1031 886 881
886 1031 881
881 1031 886
1032 911 881
911 1032 881
881 1032 911
1033 911 886
911 1033 886
886 1033 911
1034 1033 1032
1033 1034 1032
1032 1034 1033
1035 1034 1031
1034 1035 1031
1031 1035 1034
1036 905 891
905 1036 891
891 1036 905
1037 896 891
896 1037 891
891 1037 896
1038 905 896
905 1038 896
896 1038 905
1039 1038 1037
1038 1039 1037
1037 1039 1038
1040 1039 1036
1039 1040 1036
1036 1040 1039
1041 934 933
934 1041 933
933 1041 934
1042 935 933
935 1042 933
933 1042 935
1043 935 934
935 1043 934
934 1043 935
1044 1043 1042
1043 1044 1042
1042 1044 1043
1045 1044 1041
1044 1045 1041
1041 1045 1044
1046 22 6
22 1046 6
6 1046 22
1047 23 5
23 1047 5
5 1047 23
1048 24 4
24 1048 4
4 1048 24
1049 1048 1047
1048 1049 1047
1047 1049 1048
1050 1048 1047
1048 1050 1047
1047 1050 1048
1051 1050 1049
1050 1051 1049
1049 1051 1050
1052 1051 1046
1051 1052 1046
1046 1052 1051
1053 1051 1046
1051 1053 1046
1046 1053 1051
1054 1053 1052
1053 1054 1052
1052 1054 1053
1055 1054 1045
1054 1055 1045
1045 1055 1054
1056 1054 1045
1054 1056 1045
1045 1056 1054
1057 1056 1055
1056 1057 1055
1055 1057 1056
1058 1057 1040
1057 1058 1040
1040 1058 1057
1059 1057 1040
1057 1059 1040
1040 1059 1057
1060 1059 1058
1059 1060 1058
1058 1060 1059
1061 1060 1035
1060 1061 1035
1035 1061 1060
1062 1060 1035
1060 1062 1035
1035 1062 1060
1063 1062 1061
1062 1063 1061
1061 1063 1062
1064 1063 1030
1063 1064 1030
1030 1064 1063
1065 1063 1030
1063 1065 1030
1030 1065 1063
1066 1065 1064
1065 1066 1064
1064 1066 1065
1067 932 927
932 1067 927
927 1067 932
1068 941 927
941 1068 927
927 1068 941
1069 941 932
941 1069 932
932 1069 941
1070 1069 1068
1069 1070 1068
1068 1070 1069
1071 1070 1067
1070 1071 1067
1067 1071 1070
1072 922 917
922 1072 917
917 1072 922
1073 947 917
947 1073 917
917 1073 947
1074 947 922
947 1074 922
922 1074 947
1075 1074 1073
1074 1075 1073
1073 1075 1074
1076 1075 1072
1075 1076 1072
1072 1076 1075
1077 1076 1071
1076 1077 1071
1071 1077 1076
1078 1076 1071
1076 1078 1071
1071 1078 1076
1079 1078 1077
1078 1079 1077
1077 1079 1078
1080 1079 1066
1079 1080 1066
1066 1080 1079
1081 1079 1066
1079 1081 1066
1066 1081 1079
1082 1081 1080
1081 1082 1080
1080 1082 1081
1083 1082 985
1082 1083 985
985 1083 1082
1084 1082 985
1082 1084 985
985 1084 1082
1085 1084 1083
1084 1085 1083
1083 1085 1084
1086 1085 980
1085 1086 980
980 1086 1085
1087 1085 980
1085 1087 980
980 1087 1085
1088 1087 1086
1087 1088 1086
1086 1088 1087
1089 1082 980
1082 1089 980
980 1089 1082
1090 985 980
985 1090 980
980 1090 985
1091 1082 985
1082 1091 985
985 1091 1082
1092 1091 1090
1091 1092 1090
1090 1092 1091
1093 1092 1089
1092 1093 1089
1089 1093 1092
1094 1076 1066
1076 1094 1066
1066 1094 1076
1095 1071 1066
1071 1095 1066
1066 1095 1071
1096 1076 1071
1076 1096 1071
1071 1096 1076
1097 1096 1095
1096 1097 1095
1095 1097 1096
1098 1097 1094
1097 1098 1094
1094 1098 1097
1099 17 12
17 1099 12
12 1099 17
1100 18 11
18 1100 11
11 1100 18
1101 1100 1099
1100 1101 1099
1099 1101 1100
1102 1100 1099
1100 1102 1099
1099 1102 1100
1103 1102 1101
1102 1103 1101
1101 1103 1102
1104 987 986
987 1104 986
986 1104 987
1105 988 986
988 1105 986
986 1105 988
1106 988 987
988 1106 987
987 1106 988
1107 1106 1105
1106 1107 1105
1105 1107 1106
1108 1107 1104
1107 1108 1104
1104 1108 1107
1109 1011 1010
1011 1109 1010
1010 1109 1011
1110 1012 1010
1012 1110 1010
1010 1110 1012
1111 1012 1011
1012 1111 1011
1011 1111 1012
1112 1111 1110
1111 1112 1110
1110 1112 1111
1113 1112 1109
1112 1113 1109
1109 1113 1112
1114 19 10
19 1114 10
10 1114 19
1115 20 9
20 1115 9
9 1115 20
1116 21 8
21 1116 8
8 1116 21
1117 1116 1115
1116 1117 1115
1115 1117 1116
1118 1116 1115
1116 1118 1115
1115 1118 1116
1119 1118 1117
1118 1119 1117
1117 1119 1118
1120 1119 1114
1119 1120 1114
1114 1120 1119
1121 1119 1114
1119 1121 1114
1114 1121 1119
1122 1121 1120
1121 1122 1120
1120 1122 1121
1123 1122 1113
1122 1123 1113
1113 1123 1122
1124 1122 1113
1122 1124 1113
1113 1124 1122
1125 1124 1123
1124 1125 1123
1123 1125 1124
1126 1125 1108
1125 1126 1108
1108 1126 1125
1127 1125 1108
1125 1127 1108
1108 1127 1125
1128 1127 1126
1127 1128 1126
1126 1128 1127
1129 1128 1103
1128 1129 1103
1103 1129 1128
1130 1128 1103
1128 1130 1103
1103 1130 1128
1131 1130 1129
1130 1131 1129
1129 1131 1130
1132 999 994
999 1132 994
994 1132 999
1133 1024 994
1024 1133 994
994 1133 1024
1134 1024 999
1024 1134 999
999 1134 1024
1135 1134 1133
1134 1135 1133
1133 1135 1134
1136 1135 1132
1135 1136 1132
1132 1136 1135
1137 1018 1004
1018 1137 1004
1004 1137 1018
1138 1009 1004
1009 1138 1004
1004 1138 1009
1139 1018 1009
1018 1139 1009
1009 1139 1018
1140 1139 1138
1139 1140 1138
1138 1140 1139
1141 1140 1137
1140 1141 1137
1137 1141 1140
1142 1047 1046
1047 1142 1046
1046 1142 1047
1143 1048 1046
1048 1143 1046
1046 1143 1048
1144 1048 1047
1048 1144 1047
1047 1144 1048
1145 1144 1143
1144 1145 1143
1143 1145 1144
1146 1145 1142
1145 1146 1142
1142 1146 1145
1147 22 7
22 1147 7
7 1147 22
1148 23 6
23 1148 6
6 1148 23
1149 24 5
24 1149 5
5 1149 24
1150 1149 1148
1149 1150 1148
1148 1150 1149
